61514771,1569776923,1228D,OK
61514730,1569776863,1228D,WRONG_ANSWER
61514642,1569776732,1228D,WRONG_ANSWER
61514458,1569776528,1228D,RUNTIME_ERROR
61513805,1569775757,1228D,WRONG_ANSWER
61507496,1569769404,1228D,WRONG_ANSWER
61507197,1569769353,1228D,WRONG_ANSWER
61495541,1569766366,1228C,OK
61484875,1569763971,1228B,OK
61474095,1569762495,1228A,OK
61099776,1569218653,1216F,OK
60983761,1569052621,1216D,OK
60980044,1569051734,1216C,OK
60969306,1569050051,1216B,OK
60966806,1569049761,1216A,OK
60966651,1569049735,1216A,WRONG_ANSWER
60946903,1569007358,1221D,OK
60867090,1568905848,1221D,WRONG_ANSWER
60859005,1568904667,1221C,OK
60856817,1568904399,1221B,OK
60854165,1568904089,1221A,OK
60651905,1568576977,102263J,WRONG_ANSWER
60651623,1568576454,102263J,WRONG_ANSWER
60651333,1568575915,102263J,WRONG_ANSWER
60650872,1568574959,102263J,WRONG_ANSWER
60650225,1568573758,102263I,OK
60650064,1568573434,102263I,WRONG_ANSWER
60649388,1568572179,102263I,WRONG_ANSWER
60649385,1568572177,102263H,OK
60649136,1568571788,102263H,WRONG_ANSWER
60648964,1568571545,102263H,WRONG_ANSWER
60648797,1568571264,102263H,WRONG_ANSWER
60648744,1568571191,102263H,WRONG_ANSWER
60648629,1568571003,102263J,WRONG_ANSWER
60648384,1568570625,102263G,OK
60648236,1568570426,102263H,WRONG_ANSWER
60647865,1568569923,102263M,OK
60647567,1568569542,102263H,WRONG_ANSWER
60647520,1568569468,102263M,WRONG_ANSWER
60647017,1568568775,102263C,OK
60646904,1568568623,102263C,WRONG_ANSWER
60646900,1568568622,102263B,OK
60646723,1568568367,102263C,WRONG_ANSWER
60646586,1568568182,102263D,OK
60646257,1568567752,102263A,OK
59176094,1566317546,1204C,WRONG_ANSWER
59147562,1566312490,1204B,OK
59142327,1566312018,1204A,OK
59078117,1566201594,1206D,OK
59077911,1566201256,1206D,WRONG_ANSWER
59076770,1566199689,1206D,WRONG_ANSWER
59071839,1566191591,1206D,WRONG_ANSWER
59071792,1566191501,1206D,WRONG_ANSWER
59018461,1566137727,1206C,OK
59007155,1566136465,1206B,OK
59002066,1566136091,1206A,OK
58992803,1566122269,1203F1,WRONG_ANSWER
58992747,1566122173,1203F1,WRONG_ANSWER
58991250,1566119974,1203D1,OK
58991231,1566119940,1203D2,OK
58984334,1566108978,1203D2,WRONG_ANSWER
58983469,1566107256,1203E,OK
58983143,1566106618,1203E,WRONG_ANSWER
58982467,1566105322,1203C,OK
58982350,1566105071,1203B,OK
58982160,1566104698,1203A,OK
58677420,1565629865,1200E,OK
58677392,1565629806,1200E,OK
58676785,1565628799,1200E,WRONG_ANSWER
58676677,1565628639,1200E,WRONG_ANSWER
58676576,1565628475,1200E,OK
58676512,1565628380,1200E,WRONG_ANSWER
58676412,1565628214,1200E,WRONG_ANSWER
58676090,1565627716,1200E,WRONG_ANSWER
58675669,1565627115,1200E,WRONG_ANSWER
58675595,1565627006,1200E,WRONG_ANSWER
58675558,1565626936,1200E,WRONG_ANSWER
58675498,1565626846,1200E,WRONG_ANSWER
58675453,1565626769,1200E,OK
58652701,1565597030,1200E,WRONG_ANSWER
58652508,1565596799,1200E,WRONG_ANSWER
58651943,1565596090,1200E,WRONG_ANSWER
58609224,1565532051,1200D,OK
58593597,1565529184,1200C,OK
58588814,1565528549,1200B,OK
58584272,1565528011,1200B,WRONG_ANSWER
58577336,1565527196,1200A,OK
58426492,1565171781,1201C,OK
58425772,1565170673,1201C,WRONG_ANSWER
58425519,1565170276,1201C,WRONG_ANSWER
58425369,1565170075,1201C,WRONG_ANSWER
58425112,1565169657,1201B,OK
58424838,1565169254,1201B,WRONG_ANSWER
58424749,1565169112,1201A,OK
58169382,1564742089,1196D1,OK
58169373,1564742074,1196D2,OK
58167511,1564738916,1196D2,TIME_LIMIT_EXCEEDED
58166746,1564737673,1196C,OK
58165625,1564736198,1196B,OK
58165215,1564735743,1196A,OK
58156210,1564724638,1197D,OK
58089469,1564592284,1197C,OK
58088635,1564591202,1197B,OK
58088202,1564590583,1197A,OK
58087618,1564589740,1199F,OK
58082101,1564582447,1199F,TIME_LIMIT_EXCEEDED
58082053,1564582392,1199F,WRONG_ANSWER
58081330,1564581641,1199F,WRONG_ANSWER
58056306,1564550664,1199D,OK
56941819,1562960098,1191D,OK
56699068,1562574062,918B,OK
56698812,1562573679,918A,OK
56503111,1562224486,776D,OK
56475701,1562158923,776E,OK
56475655,1562158853,776E,WRONG_ANSWER
56475611,1562158794,776E,WRONG_ANSWER
56475459,1562158603,776E,TIME_LIMIT_EXCEEDED
56474943,1562157879,776E,WRONG_ANSWER
56472674,1562154677,776C,OK
56472622,1562154604,776C,OK
56472390,1562154215,776C,TIME_LIMIT_EXCEEDED
56472287,1562154052,776C,WRONG_ANSWER
56472143,1562153851,776C,TIME_LIMIT_EXCEEDED
56471986,1562153587,776C,TIME_LIMIT_EXCEEDED
56471704,1562153157,776C,TIME_LIMIT_EXCEEDED
56471581,1562152981,776C,TIME_LIMIT_EXCEEDED
56470954,1562151925,776B,OK
56470817,1562151692,776B,WRONG_ANSWER
56470481,1562151135,776A,OK
56459362,1562133792,777C,OK
56458024,1562131183,777B,OK
56379761,1561967906,1187D,WRONG_ANSWER
56378319,1561966016,1187D,WRONG_ANSWER
56377652,1561965167,1187C,OK
56374635,1561960723,1187E,OK
56338562,1561911778,1187C,WRONG_ANSWER
56336329,1561911137,1187C,WRONG_ANSWER
56333269,1561910315,1187C,WRONG_ANSWER
56330226,1561909512,1187C,WRONG_ANSWER
56317413,1561906839,1187B,OK
56312528,1561906231,1187A,OK
56310401,1561904957,777A,OK
56274848,1561815910,1186C,OK
56216637,1561715400,1186D,OK
56215681,1561715133,1186D,WRONG_ANSWER
56212001,1561714172,1186D,WRONG_ANSWER
56210145,1561713659,1186D,WRONG_ANSWER
56195129,1561710180,1186A,OK
56191699,1561708653,1183E,OK
56191665,1561708594,1183H,OK
56173751,1561658319,1183G,OK
56173704,1561658240,1183G,WRONG_ANSWER
56172405,1561655944,1183F,TIME_LIMIT_EXCEEDED
56172189,1561655566,1183F,WRONG_ANSWER
56171677,1561654578,1183D,OK
56171179,1561653589,1183C,OK
56170516,1561652322,1183B,OK
56169929,1561651273,1183A,OK
55979577,1561319646,847D,OK
55979329,1561319004,847D,WRONG_ANSWER
55959353,1561279922,847B,OK
55948224,1561239924,847I,TIME_LIMIT_EXCEEDED
55948149,1561239620,847K,OK
55948131,1561239569,847I,TIME_LIMIT_EXCEEDED
55948022,1561239220,847B,TIME_LIMIT_EXCEEDED
55947970,1561239046,847B,TIME_LIMIT_EXCEEDED
55947879,1561238723,847I,TIME_LIMIT_EXCEEDED
55947563,1561237520,847E,OK
55946649,1561234691,847E,WRONG_ANSWER
55946417,1561234030,847H,OK
55945820,1561232235,847C,OK
55945773,1561232123,847C,TIME_LIMIT_EXCEEDED
55945649,1561231800,847E,WRONG_ANSWER
55945272,1561230928,847A,OK
55945236,1561230854,847G,OK
55945072,1561230514,847M,OK
55930027,1561201279,1182C,OK
55930009,1561201248,1182C,COMPILATION_ERROR
55929571,1561200600,1182C,WRONG_ANSWER
55929446,1561200423,1182C,WRONG_ANSWER
55927538,1561197594,1182B,OK
55926686,1561196260,1182A,OK
55924421,1561193080,1180D,OK
55918648,1561185283,1180B,OK
55901114,1561143215,1180B,WRONG_ANSWER
55899944,1561142828,1180B,WRONG_ANSWER
55899375,1561142641,1180B,WRONG_ANSWER
55897624,1561142079,1180C,OK
55893454,1561140825,1180B,WRONG_ANSWER
55885443,1561138771,1180B,WRONG_ANSWER
55883695,1561138327,1180B,WRONG_ANSWER
55878069,1561137218,1180A,OK
55862300,1561111990,959D,OK
55862289,1561111962,959D,WRONG_ANSWER
55862055,1561111484,959D,TIME_LIMIT_EXCEEDED
55860903,1561109430,959C,OK
55860635,1561108973,959C,WRONG_ANSWER
55859337,1561106666,1185E,OK
55858802,1561105674,1185E,WRONG_ANSWER
55858738,1561105542,1185E,WRONG_ANSWER
55858540,1561105183,1185E,WRONG_ANSWER
55840873,1561053378,52C,OK
55840701,1561053015,52C,WRONG_ANSWER
55803017,1560974678,1185D,OK
55802986,1560974618,1185D,WRONG_ANSWER
55795356,1560963538,1185D,WRONG_ANSWER
55788131,1560961994,1185D,WRONG_ANSWER
55780086,1560960133,1185C1,OK
55779985,1560960109,1185C2,OK
55761017,1560956567,1185B,OK
55757505,1560956043,1185A,OK
55717060,1560863763,100187E,OK
55716734,1560863140,100187A,WRONG_ANSWER
55716689,1560863081,100187A,WRONG_ANSWER
55716647,1560863012,100187A,WRONG_ANSWER
55716307,1560862402,100187A,WRONG_ANSWER
55716006,1560861869,100187E,WRONG_ANSWER
55715934,1560861756,100187A,WRONG_ANSWER
55715906,1560861712,100187A,WRONG_ANSWER
55715885,1560861677,100187H,OK
55715162,1560860387,100187K,OK
55714597,1560859412,100187A,WRONG_ANSWER
55714522,1560859271,100187H,WRONG_ANSWER
55714332,1560858925,100187A,WRONG_ANSWER
55713563,1560857564,100187C,WRONG_ANSWER
55713343,1560857203,100187C,WRONG_ANSWER
55713335,1560857184,100187M,OK
55712824,1560856205,100187D,OK
55712266,1560855176,100187C,WRONG_ANSWER
55711978,1560854670,100187H,WRONG_ANSWER
55711583,1560854003,100187B,OK
55711314,1560853560,100187L,OK
55710336,1560851890,101149L,OK
55710254,1560851751,101149L,WRONG_ANSWER
55710018,1560851324,101149L,WRONG_ANSWER
55707281,1560845845,101149H,OK
55691468,1560795981,1181D,OK
55691110,1560795308,1181D,WRONG_ANSWER
55660677,1560717865,101149F,WRONG_ANSWER
55660303,1560716572,101149D,WRONG_ANSWER
55660172,1560716169,101149G,OK
55660154,1560716113,101149D,WRONG_ANSWER
55660000,1560715672,101149H,OK
55659764,1560714877,101149J,OK
55659630,1560714440,101149D,WRONG_ANSWER
55659144,1560713113,101149H,WRONG_ANSWER
55658980,1560712702,101149H,WRONG_ANSWER
55658945,1560712607,101149H,WRONG_ANSWER
55658729,1560712083,101149I,OK
55658570,1560711655,101149C,OK
55658494,1560711451,101149B,OK
55658418,1560711267,101149E,OK
55658313,1560710982,101149E,WRONG_ANSWER
55658131,1560710499,101149A,OK
55645657,1560687118,1181C,OK
55644872,1560686424,1181C,WRONG_ANSWER
55644782,1560686362,1181C,WRONG_ANSWER
55642963,1560684585,1181C,WRONG_ANSWER
55642808,1560684536,1181C,WRONG_ANSWER
55634870,1560681713,1181B,OK
55634693,1560681661,1181B,WRONG_ANSWER
55634121,1560681470,1181B,WRONG_ANSWER
55632627,1560680986,1181B,WRONG_ANSWER
55632099,1560680822,1181B,WRONG_ANSWER
55619836,1560678193,1181A,OK
55618319,1560678037,1181A,WRONG_ANSWER
55616589,1560676863,959B,OK
55616545,1560676763,959B,WRONG_ANSWER
55616256,1560676091,959A,OK
55358446,1560094627,1176E,OK
55354378,1560093720,1176D,OK
55353467,1560093526,1176D,MEMORY_LIMIT_EXCEEDED
55344979,1560092037,1176C,OK
55340243,1560091449,1176B,OK
55337469,1560091114,1176A,OK
55261447,1559914032,1173C,OK
55260611,1559913658,1173C,TIME_LIMIT_EXCEEDED
55247635,1559909747,1173B,OK
55247036,1559909657,1173B,WRONG_ANSWER
55243441,1559909313,1173A,OK
55241644,1559906455,1162C,OK
55240282,1559903789,1162B,OK
55239795,1559902759,1162B,WRONG_ANSWER
55239767,1559902703,1162B,WRONG_ANSWER
55239490,1559902141,1162A,OK
55233547,1559891212,760D,OK
55232894,1559889891,760D,WRONG_ANSWER
55231676,1559887394,760C,OK
55222285,1559853226,760B,OK
55221886,1559852004,760A,OK
55219175,1559845680,854D,OK
55217590,1559842576,854C,OK
55217073,1559841638,854B,OK
55216842,1559841188,854B,WRONG_ANSWER
55216800,1559841086,854B,WRONG_ANSWER
55216592,1559840707,854A,OK
55215986,1559839550,1000D,OK
55202715,1559819832,1000D,WRONG_ANSWER
55194975,1559808442,1175D,OK
55194549,1559807738,1175C,OK
55194423,1559807555,1175C,WRONG_ANSWER
55194066,1559807002,1175C,WRONG_ANSWER
55159666,1559750360,1175D,WRONG_ANSWER
55158517,1559750081,1175D,WRONG_ANSWER
55139931,1559746704,1175B,OK
55138235,1559746465,1175B,WRONG_ANSWER
55130818,1559745546,1175A,OK
55102057,1559682580,1156C,WRONG_ANSWER
55101736,1559681526,1156C,WRONG_ANSWER
55101597,1559681101,1156B,OK
55101491,1559680783,1156B,WRONG_ANSWER
55101212,1559679937,1156A,OK
55101001,1559679338,1156A,WRONG_ANSWER
55074296,1559634509,1174E,WRONG_ANSWER
55073469,1559633170,1174D,OK
55040849,1559574648,1174C,OK
55040684,1559574595,1174C,WRONG_ANSWER
55038883,1559574057,1174B,OK
55020739,1559570919,1174A,OK
55013016,1559559856,1156A,WRONG_ANSWER
55012898,1559559652,1156A,WRONG_ANSWER
55012236,1559558299,1163C1,OK
55011845,1559557500,1163C2,OK
55009669,1559553971,1163B1,OK
55009654,1559553948,1163B2,OK
55006313,1559547829,755F,OK
55006186,1559547589,755F,WRONG_ANSWER
55003686,1559542655,1148D,OK
54940296,1559405723,1148C,OK
54939699,1559405537,1148C,TIME_LIMIT_EXCEEDED
54937842,1559404949,1148C,WRONG_ANSWER
54937235,1559404769,1148C,WRONG_ANSWER
54927846,1559402068,1148C,WRONG_ANSWER
54927368,1559401933,1148C,WRONG_ANSWER
54923489,1559400832,1148B,OK
54917785,1559399886,1148A,OK
54914399,1559393708,1163B2,WRONG_ANSWER
54914272,1559393464,1163B2,WRONG_ANSWER
54912168,1559389531,1163A,OK
54911562,1559388484,1177B,OK
54911303,1559388054,1177B,WRONG_ANSWER
54911293,1559388022,1177A,OK
54911072,1559387618,1177B,RUNTIME_ERROR
54910723,1559386947,1177B,WRONG_ANSWER
54910675,1559386864,1177B,WRONG_ANSWER
54910583,1559386678,1177B,WRONG_ANSWER
54903892,1559375811,1166D,OK
54903423,1559375173,1166D,COMPILATION_ERROR
54903092,1559374666,1166D,WRONG_ANSWER
54902914,1559374382,1166D,WRONG_ANSWER
54887111,1559325646,755D,OK
54886703,1559324670,755D,WRONG_ANSWER
54885558,1559322271,755C,OK
54885151,1559321372,755B,OK
54872175,1559296269,152C,OK
54871794,1559295519,152B,OK
54871161,1559294416,152A,OK
54868201,1559288158,1166E,OK
54746558,1559040772,1166E,WRONG_ANSWER
54746480,1559040650,1166E,WRONG_ANSWER
54723632,1558983036,1169D,OK
54720841,1558977548,1169C,OK
54685577,1558889114,1169A,OK
54684420,1558888654,1169B,OK
54679807,1558887156,1169A,WRONG_ANSWER
54674323,1558885858,1169A,WRONG_ANSWER
54673732,1558885750,1169A,WRONG_ANSWER
54672230,1558885518,1169A,WRONG_ANSWER
54667987,1558881072,1167D,OK
54667262,1558879589,1167C,OK
54666484,1558878070,1167B,OK
54665931,1558876946,1167A,OK
54551868,1558690339,954C,OK
54551786,1558690196,954C,WRONG_ANSWER
54551755,1558690113,954C,COMPILATION_ERROR
54551727,1558690071,954C,COMPILATION_ERROR
54551411,1558689537,954C,WRONG_ANSWER
54551345,1558689410,954C,RUNTIME_ERROR
54551200,1558689146,954C,WRONG_ANSWER
54513946,1558601131,165E,MEMORY_LIMIT_EXCEEDED
54513888,1558600980,165E,RUNTIME_ERROR
54513851,1558600894,165E,MEMORY_LIMIT_EXCEEDED
54482818,1558525646,909B,OK
54481898,1558524299,909C,OK
54481514,1558523765,909C,WRONG_ANSWER
54479314,1558520007,909C,WRONG_ANSWER
54479264,1558519924,909C,WRONG_ANSWER
54479222,1558519860,909C,WRONG_ANSWER
54421997,1558368074,893C,OK
54413967,1558352070,1150C,OK
54413527,1558351216,1150C,WRONG_ANSWER
54413295,1558350801,1150B,OK
54413073,1558350332,1150A,OK
54413057,1558350295,1150A,WRONG_ANSWER
54411350,1558346164,1157E,OK
54411108,1558345587,1157C2,OK
54410988,1558345355,1157D,OK
54409608,1558342469,1157C2,WRONG_ANSWER
54409338,1558341867,1157C2,WRONG_ANSWER
54404966,1558329719,1166C,OK
54335888,1558166853,1166C,WRONG_ANSWER
54334236,1558164094,1166B,OK
54334198,1558164027,1166B,WRONG_ANSWER
54334029,1558163745,1166B,WRONG_ANSWER
54333407,1558162831,1166A,OK
54227595,1557990618,1165F1,OK
54227507,1557990456,1165F2,OK
54227459,1557990387,1165F2,WRONG_ANSWER
54173476,1557923974,1163A,WRONG_ANSWER
54167739,1557912486,979D,OK
54158678,1557898213,979B,OK
54158599,1557898063,979B,WRONG_ANSWER
54157674,1557896579,627A,OK
54157645,1557896515,627A,WRONG_ANSWER
54157527,1557896325,627A,WRONG_ANSWER
54093383,1557834965,627A,WRONG_ANSWER
54092714,1557833857,627A,WRONG_ANSWER
54083376,1557812041,627A,WRONG_ANSWER
54075183,1557774986,979C,OK
54074007,1557771777,979B,WRONG_ANSWER
54073486,1557770337,979B,WRONG_ANSWER
54072986,1557768960,979A,OK
54072942,1557768831,979A,WRONG_ANSWER
54072733,1557768281,1159D,OK
54055029,1557732930,1159C,OK
54054914,1557732618,1159C,WRONG_ANSWER
54054898,1557732568,1159C,WRONG_ANSWER
54041429,1557676657,1159C,WRONG_ANSWER
54040119,1557676016,1159C,WRONG_ANSWER
54030697,1557672489,1159B,OK
54028662,1557671858,1159A,OK
54028533,1557671216,1157C1,OK
54028275,1557670257,1157B,OK
54028117,1557669876,1157B,WRONG_ANSWER
54027819,1557669184,1157A,OK
54027548,1557668562,1157A,WRONG_ANSWER
54027291,1557667695,1157A,WRONG_ANSWER
54020440,1557653064,1152C,OK
54020327,1557652792,1152C,RUNTIME_ERROR
54020283,1557652674,1152C,RUNTIME_ERROR
54019903,1557651851,1152C,WRONG_ANSWER
54019483,1557650930,1152B,OK
54019407,1557650756,1152B,RUNTIME_ERROR
54019297,1557650529,1152B,RUNTIME_ERROR
54018764,1557649537,1152A,OK
54013588,1557637007,1155D,OK
53994688,1557583075,1146D,OK
53991151,1557577268,1146D,WRONG_ANSWER
53987170,1557570058,1146C,OK
53978052,1557552851,1146B,OK
53977542,1557551753,1146A,OK
53977269,1557551147,1151E,OK
53951581,1557481687,1151D,OK
53948532,1557476001,1151C,OK
53948498,1557475926,1151C,WRONG_ANSWER
53946807,1557472364,1151B,OK
53946387,1557471417,1151B,WRONG_ANSWER
53945669,1557469903,1151B,WRONG_ANSWER
53944206,1557466330,1151A,OK
53944170,1557466240,1151A,WRONG_ANSWER
53944078,1557465953,1151A,WRONG_ANSWER
53943394,1557464181,1154G,OK
53895279,1557379295,1154F,OK
53872714,1557310368,1154E,OK
53870116,1557303441,1154D,OK
53869604,1557302166,1154D,WRONG_ANSWER
53869278,1557298933,1154C,OK
53868994,1557298185,1154B,OK
53868598,1557297190,1154A,OK
53868269,1557296271,1153D,OK
53837047,1557202183,1153C,OK
52676022,1555148338,821B,WRONG_ANSWER
52674553,1555145940,821A,OK
52669653,1555138174,948D,OK
52650690,1555086507,706D,OK
52650609,1555086383,706D,RUNTIME_ERROR
52650182,1555085698,706D,RUNTIME_ERROR
52648173,1555082771,580B,OK
52599900,1554981873,1033C,OK
52561617,1554893097,159C,OK
52556426,1554883315,796C,OK
52556355,1554883196,796C,WRONG_ANSWER
52556205,1554882858,796C,RUNTIME_ERROR
52550798,1554869005,803C,OK
52550706,1554868626,803C,WRONG_ANSWER
52529805,1554815024,518D,OK
52529788,1554814984,518D,WRONG_ANSWER
52528861,1554813620,518D,WRONG_ANSWER
52525623,1554808821,552D,OK
52502682,1554742535,710E,OK
52502653,1554742486,710E,WRONG_ANSWER
52500207,1554738136,835D,OK
52498503,1554735119,1076E,OK
52489748,1554721497,963B,OK
52489366,1554720863,963B,WRONG_ANSWER
52489208,1554720648,963B,WRONG_ANSWER
52440548,1554617515,1119E,OK
52440501,1554617452,1119E,WRONG_ANSWER
52410437,1554557185,1119E,WRONG_ANSWER
52410158,1554557104,1119E,WRONG_ANSWER
52404027,1554554935,1119D,OK
52395188,1554552389,1119C,OK
52391006,1554551609,1119B,OK
52385402,1554550778,1119A,OK
52371545,1554531969,159D,OK
52371475,1554531872,159D,TIME_LIMIT_EXCEEDED
52371306,1554531606,159D,TIME_LIMIT_EXCEEDED
52369657,1554528296,689B,OK
52369580,1554528060,689B,WRONG_ANSWER
52369393,1554527546,689B,WRONG_ANSWER
52368743,1554525433,222C,OK
52368715,1554525325,222C,MEMORY_LIMIT_EXCEEDED
52352010,1554476412,222C,WRONG_ANSWER
52351960,1554476329,222C,WRONG_ANSWER
52351680,1554475860,222C,WRONG_ANSWER
52351566,1554475693,222C,WRONG_ANSWER
52351184,1554475192,222C,WRONG_ANSWER
52351140,1554475129,222C,WRONG_ANSWER
52350956,1554474897,222C,WRONG_ANSWER
52350939,1554474868,222C,COMPILATION_ERROR
52350891,1554474792,222C,WRONG_ANSWER
52350189,1554473776,222C,WRONG_ANSWER
52349580,1554472946,222C,WRONG_ANSWER
52343036,1554463473,552B,OK
52340932,1554460135,552A,OK
52340623,1554459516,552C,OK
52340552,1554459396,552C,RUNTIME_ERROR
52340424,1554459205,552C,WRONG_ANSWER
52335890,1554451028,796D,OK
52318221,1554401613,796D,WRONG_ANSWER
52317942,1554401116,796D,WRONG_ANSWER
52317030,1554399392,796D,WRONG_ANSWER
52316756,1554398907,796D,WRONG_ANSWER
52310407,1554387753,337D,OK
52306217,1554380217,337D,WRONG_ANSWER
52304823,1554377461,337D,WRONG_ANSWER
52303773,1554375456,337C,OK
52299423,1554365542,337C,WRONG_ANSWER
52295703,1554357422,337C,WRONG_ANSWER
52282785,1554314169,353C,OK
52254180,1554264083,920F,OK
52241900,1554221863,920F,WRONG_ANSWER
52236394,1554213363,920E,OK
52236345,1554213307,920E,WRONG_ANSWER
52232776,1554208411,916B,OK
52219016,1554182167,916B,WRONG_ANSWER
52157683,1554127158,1144G,OK
52153310,1554121741,1144E,OK
52150843,1554118442,1144C,OK
52150346,1554117820,1144B,OK
52150018,1554117311,1144A,OK
52149757,1554116953,1144D,OK
52116293,1554047152,1144D,WRONG_ANSWER
52113192,1554046360,1144D,WRONG_ANSWER
52107865,1554045152,1144F,OK
52105389,1554044642,1144F,WRONG_ANSWER
52081211,1554034558,916C,OK
52081098,1554034380,916C,WRONG_ANSWER
52076288,1554027077,1143D,OK
52076263,1554027032,1143D,COMPILATION_ERROR
52042470,1553968705,1143C,OK
52035572,1553966903,1143B,OK
52030415,1553965998,1143A,OK
52028221,1553962119,920C,OK
52027728,1553961065,920B,OK
52027013,1553959586,920A,OK
52026897,1553959388,920A,WRONG_ANSWER
52017581,1553944567,919D,OK
52014827,1553940382,919C,OK
52014704,1553940208,919C,WRONG_ANSWER
52014282,1553939553,919A,OK
52011021,1553934904,1140E,WRONG_ANSWER
51970266,1553861053,579D,OK
51969459,1553859675,579D,WRONG_ANSWER
51969049,1553858984,579C,OK
51968292,1553857839,579C,WRONG_ANSWER
51967336,1553856058,579B,OK
51966835,1553855160,579A,OK
51966804,1553855097,579A,WRONG_ANSWER
51966752,1553855007,579A,WRONG_ANSWER
51966151,1553853825,100886G,OK
51966090,1553853714,100886G,WRONG_ANSWER
51965657,1553852830,100886G,WRONG_ANSWER
51939458,1553781151,1133D,OK
51939289,1553780942,1133D,WRONG_ANSWER
51939259,1553780900,1133D,WRONG_ANSWER
51939205,1553780825,1133D,WRONG_ANSWER
51938998,1553780533,1133D,WRONG_ANSWER
51938807,1553780275,1133C,OK
51938231,1553779449,1133C,WRONG_ANSWER
51938208,1553779398,1133C,WRONG_ANSWER
51938118,1553779244,1133C,COMPILATION_ERROR
51938033,1553779110,1133C,WRONG_ANSWER
51937968,1553778988,1133C,WRONG_ANSWER
51937950,1553778954,1133C,WRONG_ANSWER
51937823,1553778707,1133B,OK
51936237,1553776559,607B,OK
51935956,1553776186,607B,WRONG_ANSWER
51934395,1553774005,798B,OK
51933415,1553772583,798D,OK
51933384,1553772532,798D,WRONG_ANSWER
51931789,1553770000,798D,WRONG_ANSWER
51931641,1553769731,798D,WRONG_ANSWER
51900505,1553692791,798A,OK
51900449,1553692721,798A,WRONG_ANSWER
51900356,1553692601,798A,WRONG_ANSWER
51900175,1553692385,217A,OK
51899053,1553690933,217A,WRONG_ANSWER
51872208,1553622958,798C,OK
51872107,1553622778,798C,WRONG_ANSWER
51872016,1553622617,798C,WRONG_ANSWER
51871716,1553622132,798C,WRONG_ANSWER
51868819,1553617634,1136D,OK
51867790,1553615930,1136C,OK
51867193,1553615025,1136B,OK
51867101,1553614890,1136B,WRONG_ANSWER
51865701,1553612614,1136A,OK
51857480,1553600874,628A,OK
51857073,1553600287,628D,OK
51856969,1553600146,628D,WRONG_ANSWER
51722311,1553276291,1140D,OK
51721212,1553275232,1140D,WRONG_ANSWER
51720666,1553274811,1140D,WRONG_ANSWER
51719594,1553274261,1140D,WRONG_ANSWER
51717786,1553273805,1140D,WRONG_ANSWER
51708621,1553271250,1140C,OK
51707058,1553270866,1140C,WRONG_ANSWER
51706590,1553270763,1140C,WRONG_ANSWER
51700049,1553269403,1140B,OK
51698023,1553269036,1140B,WRONG_ANSWER
51696877,1553268832,1140B,WRONG_ANSWER
51694735,1553268474,1140B,WRONG_ANSWER
51693573,1553268291,1140B,WRONG_ANSWER
51688139,1553267434,1140A,OK
51640950,1553186263,1139C,OK
51631621,1553183628,1139B,OK
51624159,1553182638,1139A,OK
51621798,1553179500,1138A,OK
51611246,1553164133,1108E2,TIME_LIMIT_EXCEEDED
51608562,1553158633,1141G,OK
51608475,1553158471,1141G,WRONG_ANSWER
51607689,1553156927,1141G,WRONG_ANSWER
51607668,1553156885,1141G,WRONG_ANSWER
51602511,1553145158,1132F,OK
51565846,1553074874,1141F2,OK
51556244,1553058408,1132C,OK
51545235,1553025169,586C,OK
51545127,1553025002,586C,WRONG_ANSWER
51545026,1553024842,586C,WRONG_ANSWER
51544290,1553023858,586B,OK
51543403,1553022638,586A,OK
51532479,1553013213,1141F1,OK
51521780,1553011183,1141E,OK
51509737,1553009063,1141D,OK
51502192,1553007863,1141C,OK
51500283,1553007590,1141C,RUNTIME_ERROR
51490958,1553006538,1141B,OK
51488796,1553006296,1141A,OK
51486556,1553003231,1132C,WRONG_ANSWER
51486460,1553003077,1132C,WRONG_ANSWER
51485932,1553002388,1132C,WRONG_ANSWER
51485702,1553002130,1132C,TIME_LIMIT_EXCEEDED
51483183,1552998646,1132B,OK
51482881,1552998209,1132A,OK
51482660,1552997851,1132A,WRONG_ANSWER
51469285,1552972387,1121C,OK
51433071,1552879426,1121B,OK
51432676,1552877482,1121A,OK
51403290,1552811656,1130D1,OK
51403268,1552811622,1130D2,OK
51396913,1552799295,1130C,OK
51396287,1552797880,1130B,OK
51395970,1552797078,1130B,WRONG_ANSWER
51395823,1552796721,1130B,WRONG_ANSWER
51395533,1552795881,1130A,OK
51395137,1552794668,1131D,WRONG_ANSWER
51395103,1552794583,1131D,WRONG_ANSWER
51337103,1552660779,1131F,OK
51308204,1552585970,1131F,WRONG_ANSWER
51307089,1552584049,1131F,WRONG_ANSWER
51307016,1552583918,1131F,WRONG_ANSWER
51306597,1552583187,1131C,OK
51306300,1552582654,1131B,OK
51305971,1552582003,1131B,WRONG_ANSWER
51305387,1552581133,1131B,WRONG_ANSWER
51304762,1552580086,1131A,OK
51304648,1552579865,1131A,WRONG_ANSWER
51292446,1552561667,1061D,OK
51283343,1552542350,222E,OK
50608803,1551369146,185A,OK
50257322,1550694646,1117D,OK
50256288,1550692459,1117D,WRONG_ANSWER
50256235,1550692336,1117D,WRONG_ANSWER
50250296,1550681689,1118E,OK
50249514,1550680410,1118D1,OK
50249493,1550680387,1118D2,OK
50249472,1550680349,1118D2,WRONG_ANSWER
50248197,1550678198,1118D2,WRONG_ANSWER
50197295,1550594716,1118F1,OK
50190597,1550592770,1118D1,WRONG_ANSWER
50180807,1550589856,1118C,OK
50173807,1550588076,1118B,OK
50168726,1550587265,1118A,OK
50168018,1550587229,1118A,WRONG_ANSWER
50167153,1550587063,1118A,WRONG_ANSWER
50166573,1550586610,600B,OK
50165201,1550586095,743B,OK
50151240,1550561523,1117C,OK
50151195,1550561428,1117C,WRONG_ANSWER
50109018,1550505277,1117B,OK
50105134,1550504788,1117A,OK
50101252,1550502128,803B,OK
50100834,1550501403,803A,OK
50100633,1550501115,803A,WRONG_ANSWER
50098454,1550497852,1113D,OK
50044503,1550379425,1113B,OK
50034173,1550346146,1114F,OK
50034165,1550346105,1114F,WRONG_ANSWER
50033351,1550343862,1113C,OK
50029532,1550342406,1113B,WRONG_ANSWER
50016940,1550338274,1113B,WRONG_ANSWER
50009715,1550336702,1113A,OK
50000614,1550335341,1113A,WRONG_ANSWER
49998015,1550332649,1114F,WRONG_ANSWER
49985851,1550313038,1114F,WRONG_ANSWER
49984953,1550311692,1114F,WRONG_ANSWER
49984917,1550311634,1114F,WRONG_ANSWER
49984561,1550310923,1114F,WRONG_ANSWER
49983923,1550309847,1114F,WRONG_ANSWER
49982855,1550307931,1114F,WRONG_ANSWER
49936595,1550216045,414B,OK
49936526,1550215969,414B,WRONG_ANSWER
49931459,1550206333,1110E,OK
49914646,1550159536,1110D,OK
49897965,1550130814,1114D,OK
49893503,1550123083,1114E,OK
49893155,1550122359,1114E,WRONG_ANSWER
49892771,1550121320,1114E,WRONG_ANSWER
49892542,1550120786,1114E,WRONG_ANSWER
49892437,1550120459,1114E,WRONG_ANSWER
49892293,1550120000,1114E,WRONG_ANSWER
49892104,1550119390,1114E,TIME_LIMIT_EXCEEDED
49881742,1550082659,1114E,WRONG_ANSWER
49876169,1550073503,550C,OK
49835209,1549986509,1114C,OK
49775383,1549898085,1114B,OK
49774870,1549897369,1114A,OK
49589700,1549551655,1110C,OK
49580588,1549549393,1110C,WRONG_ANSWER
49576941,1549548594,1110C,WRONG_ANSWER
49572058,1549547707,1110B,OK
49565415,1549546870,1110A,OK
49560509,1549541991,1101D,OK
49560344,1549541702,1101D,TIME_LIMIT_EXCEEDED
49544617,1549486585,1106D,OK
49544196,1549485229,1106D,WRONG_ANSWER
49544179,1549485183,1106D,WRONG_ANSWER
49544056,1549484804,1106D,WRONG_ANSWER
49543945,1549484477,1106C,OK
49543837,1549484190,1106B,OK
49543747,1549483923,1106B,WRONG_ANSWER
49543220,1549482576,1106A,OK
49529876,1549459262,1107D,OK
49529026,1549457882,1107D,WRONG_ANSWER
49516942,1549426228,1107D,MEMORY_LIMIT_EXCEEDED
49508725,1549392913,1107C,OK
49504961,1549386298,1107B,OK
49504119,1549384891,1107A,OK
49504085,1549384835,1107A,WRONG_ANSWER
49503804,1549384314,1108F,OK
49499714,1549377336,1108F,WRONG_ANSWER
49499456,1549376903,1108F,WRONG_ANSWER
49497785,1549374221,1108F,WRONG_ANSWER
49497626,1549373952,1108F,WRONG_ANSWER
49496702,1549372445,1108F,WRONG_ANSWER
49495952,1549371072,1108E1,OK
49495876,1549370923,1108E1,WRONG_ANSWER
49472923,1549303139,1108E1,WRONG_ANSWER
49472758,1549302885,1108E1,WRONG_ANSWER
49469880,1549298447,1108D,OK
49469447,1549297797,1108C,OK
49469041,1549297181,1108B,OK
49468755,1549296740,1108B,WRONG_ANSWER
49468539,1549296446,1108A,OK
49468254,1549296050,1111C,OK
49462246,1549287237,1111C,RUNTIME_ERROR
49460882,1549284868,1111B,OK
49460098,1549283550,1111B,WRONG_ANSWER
49459350,1549282220,1111B,WRONG_ANSWER
49459309,1549282131,1111B,WRONG_ANSWER
49446769,1549252589,1111A,OK
48737273,1548169437,1104C,OK
48728458,1548168272,1104B,OK
48726004,1548168035,1104A,OK
48723072,1548167039,118A,OK
48702912,1548129788,1105D,OK
48641450,1547998423,1105C,OK
48641416,1547998386,1105C,WRONG_ANSWER
48641125,1547998040,1105C,WRONG_ANSWER
48614832,1547987042,1105B,OK
48609723,1547986324,1105A,OK
48607473,1547984704,1101D,WRONG_ANSWER
48607270,1547984376,1101D,WRONG_ANSWER
48606993,1547983851,1101D,WRONG_ANSWER
48606350,1547982474,1101D,WRONG_ANSWER
48605967,1547981679,1101D,WRONG_ANSWER
48605086,1547979964,1101D,WRONG_ANSWER
48605069,1547979913,1101D,WRONG_ANSWER
48595652,1547964314,976E,WRONG_ANSWER
48595076,1547963249,976C,OK
48594963,1547963028,976C,WRONG_ANSWER
48594554,1547962234,976C,WRONG_ANSWER
48594407,1547961878,976C,WRONG_ANSWER
48594237,1547961522,976C,WRONG_ANSWER
48593886,1547960739,976B,OK
48593790,1547960494,976B,WRONG_ANSWER
48593296,1547959101,976A,OK
48593088,1547958388,1027C,OK
48592983,1547958012,1027C,WRONG_ANSWER
48584851,1547923976,126A,OK
48584304,1547922772,126A,WRONG_ANSWER
48583577,1547921115,126A,WRONG_ANSWER
48581620,1547916884,126B,OK
48574804,1547904930,126B,WRONG_ANSWER
48574032,1547903744,126B,WRONG_ANSWER
48545653,1547839220,864D,OK
48545463,1547838717,864D,WRONG_ANSWER
48544623,1547836704,864C,OK
48542386,1547832256,864B,OK
48542211,1547831955,864B,RUNTIME_ERROR
48542043,1547831650,864B,WRONG_ANSWER
48541706,1547831087,864A,OK
48535431,1547820099,433C,OK
48534357,1547818360,433C,WRONG_ANSWER
48498222,1547733099,1101D,WRONG_ANSWER
48493626,1547726548,1101D,WRONG_ANSWER
48480169,1547703702,353B,OK
48480138,1547703636,353B,COMPILATION_ERROR
48480001,1547703387,353B,WRONG_ANSWER
48479929,1547703271,353B,WRONG_ANSWER
48460273,1547648373,1101E,OK
48459828,1547647671,1101C,OK
48459361,1547647010,1101C,WRONG_ANSWER
48458835,1547646251,1101C,WRONG_ANSWER
48458086,1547645168,1101C,WRONG_ANSWER
48458059,1547645131,1101C,WRONG_ANSWER
48456680,1547643347,1101B,OK
48456160,1547642662,1101A,OK
48456057,1547642538,1101A,WRONG_ANSWER
48441491,1547611245,1009E,OK
48441443,1547610992,1009E,TIME_LIMIT_EXCEEDED
48421678,1547557563,353C,OK
48421419,1547557166,353C,WRONG_ANSWER
48420183,1547555517,353B,WRONG_ANSWER
48419583,1547554700,353A,OK
48419277,1547554267,353A,WRONG_ANSWER
48411752,1547539859,843A,OK
48399822,1547496271,103B,OK
48399742,1547496036,103B,WRONG_ANSWER
48398990,1547494077,930A,OK
48398409,1547492611,731C,OK
48397257,1547490359,731C,WRONG_ANSWER
48397210,1547490282,731C,RUNTIME_ERROR
48397130,1547490103,731C,WRONG_ANSWER
48396969,1547489773,731C,WRONG_ANSWER
48396781,1547489379,731C,WRONG_ANSWER
48395228,1547486372,841B,OK
48364880,1547412917,1032C,OK
48363733,1547409787,1102E,OK
48363708,1547409746,1102E,WRONG_ANSWER
48363520,1547409360,1102E,WRONG_ANSWER
48363365,1547409040,1102E,WRONG_ANSWER
48357749,1547398487,1102D,OK
48349100,1547394304,1100C,OK
48340379,1547391879,1100B,OK
48334246,1547390812,1100A,OK
48333028,1547390633,1100A,WRONG_ANSWER
48331245,1547389967,1102D,WRONG_ANSWER
48330864,1547389216,1102C,OK
48330593,1547388711,1102B,OK
48330325,1547388275,1102B,WRONG_ANSWER
48329447,1547386655,1102A,OK
48324516,1547377678,416C,OK
48324241,1547377162,416C,WRONG_ANSWER
48319511,1547368102,71B,OK
48318966,1547367062,71B,WRONG_ANSWER
48318252,1547365804,71C,OK
48318147,1547365593,71C,WRONG_ANSWER
48318080,1547365430,71C,WRONG_ANSWER
48317736,1547364633,71C,WRONG_ANSWER
48317497,1547364185,71C,WRONG_ANSWER
48315765,1547360917,766C,OK
48315690,1547360756,766C,WRONG_ANSWER
48303000,1547316047,766B,OK
48302878,1547315781,766B,WRONG_ANSWER
48302776,1547315576,766A,OK
48302346,1547314764,766A,WRONG_ANSWER
48302315,1547314694,766A,WRONG_ANSWER
48299556,1547309562,1027D,OK
48264538,1547234311,1009D,OK
48264429,1547234121,1009D,MEMORY_LIMIT_EXCEEDED
48208550,1547202235,1051C,OK
48207858,1547200694,1051B,OK
48188502,1547137738,547B,OK
48185479,1547131592,769D,OK
48185062,1547130817,769D,TIME_LIMIT_EXCEEDED
48185003,1547130714,769D,WRONG_ANSWER
48183446,1547127929,769D,WRONG_ANSWER
48183295,1547127689,769D,WRONG_ANSWER
48182372,1547125949,769D,RUNTIME_ERROR
48181818,1547124938,547B,TIME_LIMIT_EXCEEDED
48178951,1547119426,547B,TIME_LIMIT_EXCEEDED
48178843,1547119186,547B,WRONG_ANSWER
48178763,1547118996,547B,WRONG_ANSWER
48160549,1547061523,913C,OK
48158347,1547057624,177C2,OK
48158262,1547057489,177C2,WRONG_ANSWER
48158216,1547057409,177C2,WRONG_ANSWER
48117471,1547041390,429A,OK
48117414,1547041257,429A,WRONG_ANSWER
48113638,1547032428,702B,OK
48113259,1547031502,1055C,OK
48113141,1547031240,1055C,WRONG_ANSWER
48098479,1546972450,1055B,OK
48098290,1546971981,1055B,WRONG_ANSWER
48098118,1546971554,1055B,WRONG_ANSWER
48097610,1546970194,1055A,OK
48097555,1546970069,1055A,WRONG_ANSWER
48097222,1546969201,1055A,WRONG_ANSWER
48097195,1546969136,1055A,WRONG_ANSWER
48097113,1546968925,1055A,WRONG_ANSWER
48097049,1546968770,1055A,WRONG_ANSWER
48092755,1546958857,740D,OK
48091603,1546956511,740D,WRONG_ANSWER
48054015,1546859354,740C,OK
48053754,1546858750,740C,WRONG_ANSWER
48052196,1546854832,740B,OK
48051709,1546853647,740A,OK
48051682,1546853580,740A,WRONG_ANSWER
48051300,1546852568,740A,WRONG_ANSWER
48051279,1546852512,740A,WRONG_ANSWER
48026869,1546767559,1099D,OK
48003479,1546712319,1099D,WRONG_ANSWER
47997975,1546710589,1099C,OK
47995641,1546709955,1099C,WRONG_ANSWER
47988627,1546708413,1099B,OK
47984573,1546707658,1099B,WRONG_ANSWER
47978071,1546706779,1099A,OK
47931619,1546618246,1097C,OK
47927591,1546616983,1097B,OK
47925490,1546616417,1097B,WRONG_ANSWER
47904369,1546613338,1097A,OK
47901457,1546612084,1080C,OK
47900546,1546609734,1080B,OK
47900213,1546609056,1080A,OK
47899178,1546606692,1077E,OK
47892713,1546588707,1056C,OK
47892630,1546588491,1056C,TIME_LIMIT_EXCEEDED
47889890,1546579179,1056C,WRONG_ANSWER
47877647,1546532568,4D,OK
47877604,1546532498,4D,WRONG_ANSWER
47873149,1546523760,4D,WRONG_ANSWER
47872982,1546523504,4D,WRONG_ANSWER
47871803,1546521468,212E,OK
47860059,1546492479,761D,OK
47859964,1546492113,761D,WRONG_ANSWER
47859329,1546489351,761C,OK
47852413,1546454628,761C,WRONG_ANSWER
47852088,1546453855,761B,OK
47851603,1546452666,761A,OK
47851388,1546452127,761A,WRONG_ANSWER
47851081,1546451417,567C,OK
47851033,1546451316,567C,WRONG_ANSWER
47850268,1546449422,522B,OK
47844882,1546438068,1082E,OK
47844837,1546438004,1082E,WRONG_ANSWER
47844788,1546437922,1082E,WRONG_ANSWER
47844752,1546437851,1082E,WRONG_ANSWER
47837152,1546424972,212E,WRONG_ANSWER
47836146,1546424603,212E,WRONG_ANSWER
47836001,1546424197,212E,WRONG_ANSWER
47835833,1546423829,212E,WRONG_ANSWER
47828757,1546402463,639B,OK
47828648,1546401948,639B,WRONG_ANSWER
47817645,1546356613,1056C,RUNTIME_ERROR
47814384,1546349301,639B,WRONG_ANSWER
47810084,1546339126,1091B,OK
47809889,1546338567,1091D,OK
47807700,1546331842,1091C,OK
47807018,1546330261,1091B,WRONG_ANSWER
47806911,1546329928,1091B,WRONG_ANSWER
47806805,1546329562,1091B,WRONG_ANSWER
47806768,1546329447,1091B,WRONG_ANSWER
47806450,1546328468,1091A,OK
47783716,1546248784,427B,OK
47783514,1546248365,427A,OK
47715399,1546154194,427C,OK
47714373,1546151659,1082C,OK
47714338,1546151563,1082C,WRONG_ANSWER
47714267,1546151384,1082C,WRONG_ANSWER
47714233,1546151295,1082C,WRONG_ANSWER
47713668,1546149847,1096D,OK
47677312,1546077498,1096C,OK
47670334,1546060825,1056D,OK
47670296,1546060716,1056D,WRONG_ANSWER
47670183,1546060374,1056D,WRONG_ANSWER
47662835,1546028263,1056C,WRONG_ANSWER
47661703,1546025169,1056B,OK
47661589,1546024945,1056B,RUNTIME_ERROR
47660516,1546022663,1096C,WRONG_ANSWER
47654292,1546014816,1096C,WRONG_ANSWER
47636992,1546009800,1096B,OK
47626569,1546007894,1096A,OK
47624258,1546006713,1056C,WRONG_ANSWER
47624170,1546006542,1056C,COMPILATION_ERROR
47623708,1546005743,1056C,WRONG_ANSWER
47622604,1546003919,1056C,WRONG_ANSWER
47622088,1546003023,1056C,WRONG_ANSWER
47622068,1546002991,1056C,WRONG_ANSWER
47621979,1546002859,1056C,WRONG_ANSWER
47621348,1546001806,1056C,WRONG_ANSWER
47619460,1545998944,1056A,OK
47613639,1545988925,1082E,WRONG_ANSWER
47612213,1545986656,1095F,OK
47587475,1545927838,1095E,OK
47585765,1545927377,1095E,WRONG_ANSWER
47584451,1545927017,1095E,WRONG_ANSWER
47579999,1545925841,1095D,OK
47571507,1545923862,1095C,OK
47558513,1545921848,1095B,OK
47558068,1545921808,1095B,WRONG_ANSWER
47554284,1545921482,1095A,OK
47542308,1545897146,1082D,OK
47542207,1545896872,1082D,WRONG_ANSWER
47542108,1545896633,1082D,WRONG_ANSWER
47542055,1545896520,1082D,WRONG_ANSWER
47541918,1545896223,1082D,WRONG_ANSWER
47540366,1545892523,1082B,OK
47540296,1545892343,1082B,WRONG_ANSWER
47540254,1545892225,1082B,WRONG_ANSWER
47539989,1545891474,1082A,OK
47528214,1545844353,1093D,OK
47524159,1545835925,1093D,WRONG_ANSWER
47523985,1545835532,1093D,WRONG_ANSWER
47523878,1545835288,1093D,WRONG_ANSWER
47523626,1545834721,1093D,WRONG_ANSWER
47514785,1545815215,1092D2,OK
47514690,1545814991,1092D2,WRONG_ANSWER
47514666,1545814922,1092D2,WRONG_ANSWER
47514585,1545814711,1092D2,WRONG_ANSWER
47514499,1545814492,1092D1,OK
47514152,1545813742,1092D1,WRONG_ANSWER
47512130,1545808741,1087D,OK
47485185,1545725443,1092D1,WRONG_ANSWER
47484521,1545723929,1092F,OK
47482072,1545717423,1087C,OK
47413288,1545574380,1087B,OK
47403537,1545572822,1087A,OK
47367907,1545481966,427C,WRONG_ANSWER
47362334,1545470806,616A,OK
47361900,1545469910,616B,OK
47361775,1545469645,616C,OK
47360992,1545468215,616C,WRONG_ANSWER
47360406,1545467113,616C,WRONG_ANSWER
47356247,1545459921,616D,OK
47356119,1545459719,616D,WRONG_ANSWER
47310317,1545333598,616E,OK
47309768,1545332266,616E,WRONG_ANSWER
47274619,1545244470,1032C,WRONG_ANSWER
47274143,1545243558,1032C,WRONG_ANSWER
47266335,1545229749,1032B,OK
47259846,1545220530,1032A,OK
47250208,1545206015,1092C,OK
47250164,1545205959,1092C,WRONG_ANSWER
47246684,1545200052,1092C,WRONG_ANSWER
47245864,1545198030,1092C,WRONG_ANSWER
47245607,1545197449,1092C,WRONG_ANSWER
47220568,1545149495,1092C,WRONG_ANSWER
47213018,1545147259,1092C,WRONG_ANSWER
47208283,1545145967,1092C,WRONG_ANSWER
47201267,1545144523,1092B,OK
47199585,1545144314,1092A,OK
47192915,1545138679,1093C,OK
47192776,1545138390,1093C,WRONG_ANSWER
47190113,1545133670,1093B,OK
47190043,1545133550,1093B,WRONG_ANSWER
47188477,1545115936,1093A,OK
47188143,1545114843,1081E,OK
47187969,1545113378,1081E,WRONG_ANSWER
47187917,1545113252,1081E,WRONG_ANSWER
47187843,1545113051,1081E,WRONG_ANSWER
47187535,1545112173,1081E,WRONG_ANSWER
47155573,1545028448,1081D,OK
47148467,1545022785,1081C,OK
47127650,1544975742,1081C,WRONG_ANSWER
47125009,1544974651,1081C,WRONG_ANSWER
47119857,1544972984,1081B,OK
47111777,1544971167,1081A,OK
47110923,1544971094,1081A,WRONG_ANSWER
47105701,1544964620,763A,OK
47103273,1544960733,839C,OK
47102997,1544960296,839C,WRONG_ANSWER
47100421,1544956061,899C,OK
47099690,1544954881,899C,WRONG_ANSWER
46945905,1544644828,505B,OK
46944908,1544642047,839C,WRONG_ANSWER
46944824,1544641804,839C,WRONG_ANSWER
46944708,1544641483,839C,WRONG_ANSWER
46944396,1544640555,839C,WRONG_ANSWER
46944357,1544640450,839C,WRONG_ANSWER
46943758,1544638974,264A,OK
46943687,1544638828,264A,RUNTIME_ERROR
46943590,1544638632,264A,RUNTIME_ERROR
46943507,1544638456,264A,TIME_LIMIT_EXCEEDED
46943418,1544638250,264A,TIME_LIMIT_EXCEEDED
46942219,1544635307,264A,WRONG_ANSWER
46942152,1544635131,264A,WRONG_ANSWER
46928431,1544609664,580C,OK
46913016,1544551676,1084D,OK
46911031,1544547410,1084D,WRONG_ANSWER
46910984,1544547321,1084D,WRONG_ANSWER
46910892,1544547141,1084D,WRONG_ANSWER
46910850,1544547050,1084D,RUNTIME_ERROR
46909654,1544544648,1084A,OK
46906039,1544537820,1084B,OK
46905687,1544537225,1084B,WRONG_ANSWER
46905437,1544536848,1084B,WRONG_ANSWER
46905280,1544536603,1084C,OK
46904771,1544535678,1084C,WRONG_ANSWER
46904660,1544535471,1084C,WRONG_ANSWER
46904457,1544535137,1084C,RUNTIME_ERROR
46904372,1544535005,1084C,RUNTIME_ERROR
46904153,1544534616,1084C,RUNTIME_ERROR
46888261,1544498519,1084C,WRONG_ANSWER
46852738,1544447352,500B,OK
46852612,1544447133,500B,WRONG_ANSWER
46851047,1544444332,500B,TIME_LIMIT_EXCEEDED
46836298,1544410565,500B,WRONG_ANSWER
46836235,1544410258,500B,WRONG_ANSWER
46820198,1544366929,500A,OK
46815003,1544357604,1090D,WRONG_ANSWER
46813545,1544355752,1090D,WRONG_ANSWER
46812941,1544354979,1090D,WRONG_ANSWER
46808220,1544353820,1090D,WRONG_ANSWER
46802021,1544350227,1090M,OK
46798709,1544349590,1090A,OK
46786436,1544337842,1061D,RUNTIME_ERROR
46786224,1544337424,1061D,RUNTIME_ERROR
46786017,1544336954,1061D,RUNTIME_ERROR
46783328,1544329996,1088C,OK
46783251,1544329787,1088C,WRONG_ANSWER
46783196,1544329633,1088C,WRONG_ANSWER
46770110,1544286583,1088B,OK
46769607,1544285528,1088A,OK
46743289,1544245746,1061C,WRONG_ANSWER
46716447,1544182177,1061C,OK
46085491,1542907806,1061B,OK
46077927,1542904898,1061B,WRONG_ANSWER
46068766,1542901966,1061A,OK
45825503,1542383048,1077D,OK
45813037,1542380308,1077C,OK
45809466,1542379758,1077B,OK
45805882,1542379301,1077A,OK
45752864,1542251232,1062B,OK
45752841,1542251165,1062B,WRONG_ANSWER
45752805,1542251007,1062B,WRONG_ANSWER
45752699,1542250638,1062B,WRONG_ANSWER
45752505,1542250007,1062B,WRONG_ANSWER
45732641,1542214378,1062C,OK
45725541,1542212401,1062A,OK
45722245,1542211651,1062A,WRONG_ANSWER
45719722,1542211100,1062A,WRONG_ANSWER
45715581,1542210288,1062A,WRONG_ANSWER
45712133,1542206524,1076D,OK
45621309,1542038003,1076B,OK
45618038,1542037204,1076C,OK
45617654,1542037105,1076C,WRONG_ANSWER
45616305,1542036798,1076C,WRONG_ANSWER
45605476,1542034853,1076B,WRONG_ANSWER
45604400,1542034696,1076B,WRONG_ANSWER
45602082,1542034386,1076B,WRONG_ANSWER
45596224,1542033646,1076A,OK
45589143,1542021215,706C,OK
45589079,1542021048,706C,WRONG_ANSWER
45588887,1542020586,706C,WRONG_ANSWER
45588694,1542020082,706C,WRONG_ANSWER
45588677,1542020047,706C,WRONG_ANSWER
45588136,1542018582,706C,WRONG_ANSWER
45588076,1542018422,706C,WRONG_ANSWER
45588062,1542018376,706C,WRONG_ANSWER
45587921,1542017985,706C,WRONG_ANSWER
45580380,1541993587,706C,WRONG_ANSWER
45568115,1541951516,467C,OK
45564180,1541942716,450B,OK
45558736,1541931577,573B,OK
45558071,1541929988,676C,OK
45485251,1541782449,489C,OK
45485201,1541782343,489C,WRONG_ANSWER
45485116,1541782161,489C,WRONG_ANSWER
45470584,1541755267,755A,OK
45470090,1541754108,416B,OK
45465181,1541742204,416B,WRONG_ANSWER
45464161,1541737938,416B,WRONG_ANSWER
45440565,1541674518,483D,OK
45414877,1541598141,665C,OK
45389046,1541533310,567D,OK
45387737,1541529966,660C,OK
45387337,1541528958,911B,OK
45387231,1541528739,911B,RUNTIME_ERROR
45387157,1541528560,911B,WRONG_ANSWER
45385747,1541525455,271B,OK
45384204,1541522210,61E,OK
45384162,1541522130,61E,RUNTIME_ERROR
45384028,1541521865,61E,MEMORY_LIMIT_EXCEEDED
45383987,1541521778,61E,RUNTIME_ERROR
45378435,1541511008,301A,OK
45371356,1541498364,301A,WRONG_ANSWER
45365214,1541496629,301A,WRONG_ANSWER
45358638,1541494400,894A,OK
45353482,1541491120,1042D,OK
45199906,1541150454,339D,WRONG_ANSWER
45196757,1541144042,698A,OK
45196452,1541143241,698A,WRONG_ANSWER
45054801,1540815403,1043D,OK
45054624,1540815159,1043D,TIME_LIMIT_EXCEEDED
45054474,1540814928,1043D,WRONG_ANSWER
45052203,1540811681,101908C,OK
45021058,1540752986,101908C,RUNTIME_ERROR
45020969,1540752561,101908C,RUNTIME_ERROR
45011999,1540745081,1043C,OK
45011073,1540744730,1043C,WRONG_ANSWER
45008927,1540743960,1043C,WRONG_ANSWER
45008450,1540743800,1043C,WRONG_ANSWER
45005350,1540742853,1043B,OK
44997976,1540741302,1043A,OK
44944405,1540632277,955C,OK
44943744,1540631112,955C,WRONG_ANSWER
44943132,1540630142,955C,WRONG_ANSWER
44942919,1540629849,955C,WRONG_ANSWER
44942665,1540629435,955C,WRONG_ANSWER
44917058,1540569600,955B,OK
44917002,1540569509,955B,WRONG_ANSWER
44916788,1540569190,955B,WRONG_ANSWER
44916381,1540568525,1073D,OK
44871838,1540484827,1073C,WRONG_ANSWER
44871128,1540484614,1073C,WRONG_ANSWER
44870041,1540484265,1073C,WRONG_ANSWER
44862574,1540481717,1073C,WRONG_ANSWER
44861598,1540481393,1073C,WRONG_ANSWER
44852121,1540479049,1073B,OK
44851646,1540478976,1073B,WRONG_ANSWER
44848221,1540478510,1073A,OK
44837914,1540467749,101908B,WRONG_ANSWER
44836882,1540466221,101908B,WRONG_ANSWER
44836582,1540465799,101908I,OK
44836452,1540465624,101908E,OK
44836083,1540465026,101908I,WRONG_ANSWER
44835244,1540463671,101908D,OK
44827820,1540451071,1068C,OK
44827738,1540450934,1068C,WRONG_ANSWER
44809452,1540405558,1068A,OK
44806579,1540404637,1068A,CHALLENGED
44803492,1540403680,1068C,WRONG_ANSWER
44792051,1540400956,1068B,OK
44788216,1540400321,1068A,WRONG_ANSWER
44786151,1540400019,1068A,WRONG_ANSWER
44777256,1540392883,1065C,OK
44777170,1540392723,1065C,RUNTIME_ERROR
44774141,1540388185,1065B,OK
44772654,1540386023,1065A,OK
44766360,1540375572,1060D,OK
44766140,1540375058,380C,OK
44747687,1540316853,873D,OK
44747538,1540316625,873D,WRONG_ANSWER
44731606,1540291934,1059C,OK
44729620,1540288104,1059B,OK
44727743,1540284633,1059A,OK
44727554,1540284324,1059A,WRONG_ANSWER
44725558,1540281275,101498F,OK
44719452,1540263357,1031B,OK
44719177,1540261618,101498F,WRONG_ANSWER
44664585,1540141724,101498K,OK
44664551,1540141653,101498K,TIME_LIMIT_EXCEEDED
44663580,1540139681,101498F,OK
44663031,1540138584,101498F,WRONG_ANSWER
44662855,1540138196,101498J,OK
44662843,1540138170,101498F,WRONG_ANSWER
44662823,1540138126,101498J,WRONG_ANSWER
44662214,1540136954,101498G,OK
44662052,1540136654,101498G,WRONG_ANSWER
44662019,1540136587,101498J,OK
44660908,1540134572,101498H,OK
44660551,1540133947,101498H,WRONG_ANSWER
44660410,1540133731,101498H,OK
44660333,1540133593,101498H,OK
44660255,1540133469,101498H,WRONG_ANSWER
44659705,1540132545,101498H,WRONG_ANSWER
44658588,1540130855,101498D,OK
44658025,1540129985,101498M,WRONG_ANSWER
44658013,1540129975,101498I,OK
44657625,1540129334,101498B,OK
44657482,1540129118,101498B,WRONG_ANSWER
44657382,1540128954,101498C,OK
44657254,1540128771,101498A,OK
44657243,1540128763,101498E,OK
44647518,1540116439,1072C,OK
44641651,1540114564,1072B,TIME_LIMIT_EXCEEDED
44641394,1540114486,1072B,WRONG_ANSWER
44640711,1540114265,1072B,WRONG_ANSWER
44634097,1540112054,1072B,WRONG_ANSWER
44625339,1540109768,1072A,OK
44623867,1540108944,1066C,OK
44588671,1540030984,1070F,OK
44587983,1540030155,1070F,WRONG_ANSWER
44587194,1540029305,1070F,WRONG_ANSWER
44584128,1540026513,1070H,OK
44583248,1540025850,1070K,OK
44582796,1540025526,1070K,WRONG_ANSWER
44582683,1540025452,1070H,WRONG_ANSWER
44580691,1540024126,1070D,OK
44580501,1540024016,1070K,WRONG_ANSWER
44535538,1539938644,1064C,OK
44535190,1539938133,1064C,WRONG_ANSWER
44527490,1539922014,1064B,OK
44527410,1539921761,1064A,OK
44527269,1539921299,1054C,OK
44503270,1539881839,1054B,OK
44499050,1539881144,1054A,OK
44497211,1539880912,1054A,WRONG_ANSWER
44493808,1539877717,1060C,OK
44490923,1539872772,1060C,WRONG_ANSWER
44436878,1539772182,1060B,OK
44435898,1539770354,1060A,OK
44435866,1539770303,1060A,WRONG_ANSWER
43722929,1538563998,448D,OK
43706107,1538517065,75C,OK
43705768,1538516009,96B,OK
43678247,1538470022,96B,WRONG_ANSWER
43678182,1538469910,96B,TIME_LIMIT_EXCEEDED
43676308,1538466202,96B,WRONG_ANSWER
43676055,1538465737,96B,WRONG_ANSWER
43676011,1538465644,96B,WRONG_ANSWER
43542186,1538156301,990C,OK
43540420,1538153963,990C,WRONG_ANSWER
43540285,1538153774,990C,WRONG_ANSWER
43529786,1538139934,990B,OK
43528476,1538137848,546C,OK
43528437,1538137784,546C,TIME_LIMIT_EXCEEDED
43527880,1538136902,546C,WRONG_ANSWER
43452595,1537969623,1030D,OK
43439898,1537950092,1030D,WRONG_ANSWER
43439849,1537949992,1030D,WRONG_ANSWER
43439798,1537949887,1030D,WRONG_ANSWER
43358780,1537776081,1058D,TIME_LIMIT_EXCEEDED
43358569,1537775625,1058D,WRONG_ANSWER
43357420,1537773237,1046H,OK
43340833,1537724425,1058C,OK
43332822,1537714560,1058C,WRONG_ANSWER
43331597,1537714309,1058C,WRONG_ANSWER
43312809,1537710301,1058B,OK
43297519,1537708074,1058A,OK
43289717,1537697314,1047C,OK
43289681,1537697249,1047C,TIME_LIMIT_EXCEEDED
43252414,1537619991,1046H,WRONG_ANSWER
43248792,1537617268,1046F,OK
43235870,1537603524,1047C,TIME_LIMIT_EXCEEDED
43233103,1537597878,1047C,TIME_LIMIT_EXCEEDED
43207515,1537545200,1047B,OK
43206267,1537544846,1047B,WRONG_ANSWER
43203159,1537544007,1047B,WRONG_ANSWER
43203004,1537543972,1047B,WRONG_ANSWER
43202448,1537543831,1047B,WRONG_ANSWER
43189135,1537541129,1047A,OK
43076569,1537358614,797C,OK
43074807,1537355791,797C,WRONG_ANSWER
43074678,1537355559,797C,WRONG_ANSWER
43066436,1537336372,1042C,OK
43066396,1537336249,1042C,WRONG_ANSWER
43050112,1537303332,1042C,WRONG_ANSWER
43049854,1537302478,1042C,WRONG_ANSWER
43049019,1537300184,1042B,OK
43049004,1537300147,1042B,WRONG_ANSWER
43048226,1537298505,1042A,OK
43025083,1537258025,952A,OK
43023997,1537255557,1041D,OK
43012026,1537211734,1041D,WRONG_ANSWER
42993452,1537182840,1041C,OK
42952174,1537108920,1041C,WRONG_ANSWER
42946566,1537101220,1041C,WRONG_ANSWER
42945928,1537101047,1041C,WRONG_ANSWER
42923602,1537094839,1041B,OK
42920351,1537094428,1041A,OK
42892342,1537018590,670D2,OK
42888660,1537010989,995B,OK
42885766,1537004819,670D1,OK
42885712,1537004676,670D2,WRONG_ANSWER
42885204,1537003426,670D1,WRONG_ANSWER
42885009,1537003013,670D1,WRONG_ANSWER
42884973,1537002921,670D1,WRONG_ANSWER
42881298,1536994976,670C,OK
42880874,1536993988,670C,TIME_LIMIT_EXCEEDED
42880097,1536991710,670B,OK
42879902,1536990970,670A,OK
42879801,1536990600,670A,WRONG_ANSWER
42879648,1536990041,1038C,OK
42879623,1536989919,1038B,OK
42879474,1536989345,1038B,WRONG_ANSWER
42868449,1536945276,1038A,OK
42868420,1536945199,1038A,WRONG_ANSWER
42854087,1536911998,1027B,OK
42853983,1536911732,1027B,WRONG_ANSWER
42853821,1536911269,1027B,WRONG_ANSWER
42825750,1536832595,813C,OK
42822669,1536824918,1037D,OK
42822543,1536824537,1037D,COMPILATION_ERROR
42807246,1536774080,1037D,WRONG_ANSWER
42806310,1536772430,1037C,OK
42805929,1536771822,1037B,OK
42805905,1536771776,1037B,WRONG_ANSWER
42805452,1536770955,1037B,WRONG_ANSWER
42805113,1536770340,1037A,OK
42777676,1536690678,131C,OK
42777651,1536690634,230B,OK
42777626,1536690586,1025B,OK
42777596,1536690530,1023B,OK
42777569,1536690460,1023A,OK
42777509,1536690345,1028C,OK
42773345,1536683828,1028A,OK
42773206,1536683522,1028A,RUNTIME_ERROR
42772796,1536682723,1028B,OK
42762274,1536665207,1028B,WRONG_ANSWER
42684377,1536430884,1036D,OK
42677975,1536417895,1036B,OK
42644359,1536337843,1036B,WRONG_ANSWER
42628250,1536333445,1036A,OK
42628075,1536333400,1036A,COMPILATION_ERROR
42620051,1536331477,1036A,WRONG_ANSWER
42551951,1536237087,1029C,OK
42548670,1536230582,1029A,OK
42542629,1536217328,1029A,WRONG_ANSWER
42540850,1536213086,1029B,OK
42540827,1536213027,1029B,WRONG_ANSWER
42538415,1536205800,1029B,WRONG_ANSWER
42510759,1536167978,1040B,OK
42504272,1536166412,1040A,OK
42500084,1536165059,1029B,WRONG_ANSWER
42499349,1536163657,1025C,OK
41892658,1534751647,1025B,RUNTIME_ERROR
41892125,1534750871,1025B,WRONG_ANSWER
41891117,1534749062,1025B,WRONG_ANSWER
41858076,1534691573,1025C,WRONG_ANSWER
41849762,1534689163,1025B,WRONG_ANSWER
41845463,1534688170,1025B,WRONG_ANSWER
41843625,1534687780,1025B,WRONG_ANSWER
41839887,1534687088,1025A,OK
41832603,1534686145,1025A,WRONG_ANSWER
41789596,1534609132,1027B,WRONG_ANSWER
41785471,1534608188,1027B,WRONG_ANSWER
41772241,1534605412,1027A,OK
41771507,1534605261,1027A,WRONG_ANSWER
41770187,1534604975,1027A,WRONG_ANSWER
41767331,1534604343,1027A,WRONG_ANSWER
41764384,1534603685,1027A,WRONG_ANSWER
41712680,1534521628,1023C,OK
41711226,1534521247,1023C,RUNTIME_ERROR
41702571,1534519237,1023B,WRONG_ANSWER
41689498,1534517260,1023A,WRONG_ANSWER
41655746,1534429814,744A,WRONG_ANSWER
41654715,1534427324,744A,WRONG_ANSWER
41652237,1534422633,605A,OK
41651597,1534421435,605A,RUNTIME_ERROR
41650839,1534419836,606C,WRONG_ANSWER
41644117,1534404885,339D,OK
41616391,1534325150,339D,WRONG_ANSWER
41524439,1534071922,605A,WRONG_ANSWER
41524414,1534071891,605A,WRONG_ANSWER
41524373,1534071804,605A,WRONG_ANSWER
41491561,1533999343,1020A,OK
41491397,1533999285,1020A,COMPILATION_ERROR
41481104,1533996232,1020B,OK
41472739,1533995118,1020A,WRONG_ANSWER
41389640,1533800894,1017C,OK
41358554,1533741954,1017C,WRONG_ANSWER
41358199,1533741880,1017C,WRONG_ANSWER
41355075,1533741417,1017C,WRONG_ANSWER
41350231,1533740943,1017C,WRONG_ANSWER
41348570,1533738484,1017B,OK
41342239,1533737569,1017A,OK
41310543,1533656795,38A,OK
41277660,1533564372,837A,OK
41277250,1533563629,837C,OK
41276915,1533563010,837C,WRONG_ANSWER
41276867,1533562922,837C,WRONG_ANSWER
41275715,1533560611,723C,OK
41274153,1533557853,723C,WRONG_ANSWER
41273919,1533557386,723C,WRONG_ANSWER
41244399,1533471403,723B,OK
41242813,1533468352,723A,OK
41242366,1533467415,1016D,OK
41241945,1533466487,1016D,WRONG_ANSWER
41202517,1533363211,1016D,WRONG_ANSWER
41181513,1533313392,1016B,OK
41180894,1533313155,1016B,WRONG_ANSWER
41165995,1533308748,1016A,OK
41131636,1533232074,787A,OK
41130669,1533229836,787A,TIME_LIMIT_EXCEEDED
41130079,1533228405,787A,WRONG_ANSWER
41129326,1533226412,1015D,OK
41126602,1533220410,898B,OK
41126191,1533219734,898B,WRONG_ANSWER
41126076,1533219570,898B,WRONG_ANSWER
41125905,1533219301,898B,WRONG_ANSWER
41125805,1533219138,898B,WRONG_ANSWER
41122978,1533214358,898B,WRONG_ANSWER
41121987,1533212733,898A,OK
41120237,1533209704,61A,OK
41118928,1533206924,1013C,OK
41117382,1533203424,1012A,WRONG_ANSWER
41115430,1533199626,1015D,WRONG_ANSWER
41115213,1533199246,1015C,OK
41114879,1533198750,1015C,OK
41059571,1533055003,1015D,WRONG_ANSWER
41057910,1533054641,1015C,WRONG_ANSWER
41057502,1533054552,1015C,WRONG_ANSWER
41054482,1533053843,1015D,WRONG_ANSWER
41043451,1533051177,1015C,WRONG_ANSWER
41040669,1533050580,1015C,WRONG_ANSWER
41032158,1533048963,1015B,OK
41026724,1533048025,1015A,OK
41024183,1533045266,990A,OK
41008220,1533035204,1013C,WRONG_ANSWER
41007460,1533033705,1013B,OK
41006721,1533032009,1013B,WRONG_ANSWER
41006610,1533031704,1013B,WRONG_ANSWER
41005949,1533030076,1013A,OK
41005891,1533029914,1013A,WRONG_ANSWER
40984431,1532978554,827A,OK
40982481,1532975218,827A,MEMORY_LIMIT_EXCEEDED
40982416,1532975115,827A,WRONG_ANSWER
40982387,1532975065,827A,MEMORY_LIMIT_EXCEEDED
40982117,1532974612,827A,WRONG_ANSWER
40977736,1532967602,827A,RUNTIME_ERROR
40977303,1532966880,827A,WRONG_ANSWER
40967696,1532950083,827A,TIME_LIMIT_EXCEEDED
40939490,1532938033,958F2,OK
40939430,1532937875,958F2,WRONG_ANSWER
40939300,1532937562,958F2,WRONG_ANSWER
40939043,1532936769,958F2,WRONG_ANSWER
40924522,1532884506,982A,OK
40924506,1532884457,982A,WRONG_ANSWER
40924238,1532883792,982A,WRONG_ANSWER
40924206,1532883739,982A,WRONG_ANSWER
40924115,1532883490,982A,WRONG_ANSWER
40924050,1532883322,982A,WRONG_ANSWER
40924012,1532883222,982A,WRONG_ANSWER
40923766,1532882599,887B,OK
40923176,1532880961,371C,OK
40923152,1532880905,371C,WRONG_ANSWER
40923119,1532880811,371C,WRONG_ANSWER
40912634,1532857451,1010B,OK
40912541,1532857232,1010B,WRONG_ANSWER
40912424,1532856976,1010B,WRONG_ANSWER
40836894,1532678292,1011C,OK
40834766,1532675416,1011B,OK
40809424,1532624170,1011A,OK
40806352,1532623269,1011B,WRONG_ANSWER
40772866,1532597222,682A,OK
40772363,1532596207,682C,OK
40770418,1532593201,682C,WRONG_ANSWER
40770361,1532593134,682C,COMPILATION_ERROR
40770181,1532592847,682C,WRONG_ANSWER
40731095,1532504361,1006E,OK
40718089,1532467220,897B,OK
40718059,1532467038,897B,RUNTIME_ERROR
40717591,1532465203,897B,RUNTIME_ERROR
40716969,1532463238,897B,TIME_LIMIT_EXCEEDED
40697754,1532422356,870B,OK
40693630,1532415810,870B,WRONG_ANSWER
40693488,1532415587,870B,WRONG_ANSWER
40692798,1532414556,870B,WRONG_ANSWER
40677708,1532364039,799B,OK
40677538,1532363656,799B,TIME_LIMIT_EXCEEDED
40671631,1532350588,388A,OK
40646394,1532277140,570B,OK
40646356,1532277014,570B,WRONG_ANSWER
40645949,1532275640,998B,OK
40645924,1532275560,919B,OK
40645862,1532275362,919B,TIME_LIMIT_EXCEEDED
40645745,1532275007,919B,WRONG_ANSWER
40634793,1532260939,378C,OK
40629874,1532247776,780C,OK
40615179,1532194682,992C,OK
40614998,1532194139,992C,WRONG_ANSWER
40614979,1532194096,992C,WRONG_ANSWER
40614949,1532194018,992C,WRONG_ANSWER
40614941,1532193989,992C,COMPILATION_ERROR
40614920,1532193918,992C,WRONG_ANSWER
40614828,1532193578,992C,WRONG_ANSWER
40585660,1532107606,1006D,OK
40583509,1532102760,1006C,OK
40582827,1532100950,1006B,OK
40582723,1532100643,1006B,WRONG_ANSWER
40582608,1532100402,1006B,WRONG_ANSWER
40582020,1532098914,1006A,OK
40512890,1531915134,1009C,OK
40512865,1531915097,1009C,WRONG_ANSWER
40512784,1531914959,1009C,WRONG_ANSWER
40511821,1531913241,1009C,WRONG_ANSWER
40510493,1531910914,1009C,WRONG_ANSWER
40510264,1531910528,1009C,WRONG_ANSWER
40510239,1531910487,1009C,WRONG_ANSWER
40508227,1531906542,1009B,OK
40508171,1531906459,1009B,RUNTIME_ERROR
40341832,1531584023,1009B,WRONG_ANSWER
40338440,1531582988,1009B,WRONG_ANSWER
40325172,1531579555,1009A,OK
40321234,1531577378,988B,OK
40320889,1531576456,988B,WRONG_ANSWER
40316580,1531566461,1000C,OK
40314169,1531560830,1000C,TIME_LIMIT_EXCEEDED
40314125,1531560724,1000C,WRONG_ANSWER
40313384,1531559271,1000C,TIME_LIMIT_EXCEEDED
40305348,1531545893,1008B,OK
40288578,1531498660,1008B,WRONG_ANSWER
40285991,1531497460,1008C,OK
40282055,1531495958,1008B,CHALLENGED
40275088,1531494137,1008B,SKIPPED
40271091,1531493493,1008A,OK
40269513,1531493299,1008A,WRONG_ANSWER
40166146,1531216711,1005D,OK
40166009,1531216360,1005D,WRONG_ANSWER
40165892,1531216048,1005D,WRONG_ANSWER
40165612,1531215395,1005D,WRONG_ANSWER
40141992,1531156583,1005C,OK
40141319,1531156366,1005C,WRONG_ANSWER
40133919,1531154052,1005B,OK
40133589,1531153951,1005B,WRONG_ANSWER
40132999,1531153782,1005B,WRONG_ANSWER
40131383,1531153355,1005B,TIME_LIMIT_EXCEEDED
40129685,1531152913,1005B,TIME_LIMIT_EXCEEDED
40126890,1531152271,1005B,TIME_LIMIT_EXCEEDED
40119131,1531150926,1005A,OK
40025863,1530869916,625B,OK
40019647,1530856218,1004C,OK
40006030,1530815525,1004C,WRONG_ANSWER
40005633,1530815297,1004C,WRONG_ANSWER
40004960,1530814859,1004C,WRONG_ANSWER
40004108,1530814277,1004C,WRONG_ANSWER
40004035,1530814220,1004C,WRONG_ANSWER
40003126,1530813647,1004C,WRONG_ANSWER
39997705,1530810747,1004B,OK
39995689,1530810055,1004A,OK
39991619,1530809044,1004A,WRONG_ANSWER
39961737,1530722767,1003D,OK
39960929,1530720670,1003D,WRONG_ANSWER
39960812,1530720388,1003D,WRONG_ANSWER
39960184,1530718648,1003D,WRONG_ANSWER
39960022,1530718257,1003D,WRONG_ANSWER
39945773,1530688865,1003C,OK
39931136,1530638940,1003C,WRONG_ANSWER
39930632,1530638247,1003C,WRONG_ANSWER
39930563,1530638161,1000C,WRONG_ANSWER
39930453,1530638027,1000C,WRONG_ANSWER
39930435,1530638002,1000C,WRONG_ANSWER
39930365,1530637887,1003C,WRONG_ANSWER
39930133,1530637631,1003C,WRONG_ANSWER
39929729,1530637137,1003C,WRONG_ANSWER
39927582,1530635641,1003C,WRONG_ANSWER
39926850,1530635486,1003C,WRONG_ANSWER
39926623,1530635435,1003C,WRONG_ANSWER
39923296,1530634539,1003B,OK
39912981,1530631902,1003B,WRONG_ANSWER
39899902,1530629121,1003A,OK
39875324,1530553107,998C,OK
39875283,1530553016,998A,OK
39842926,1530460007,998C,WRONG_ANSWER
39835776,1530456798,998B,OK
39829318,1530455108,998A,WRONG_ANSWER
39828718,1530454991,998A,WRONG_ANSWER
39827301,1530454715,998A,WRONG_ANSWER
39818949,1530442108,827A,TIME_LIMIT_EXCEEDED
39816436,1530434945,1000B,OK
39798849,1530364535,987A,OK
39798244,1530363156,369C,OK
39797821,1530362129,369C,TIME_LIMIT_EXCEEDED
39797497,1530361396,369C,TIME_LIMIT_EXCEEDED
39794098,1530353185,369C,WRONG_ANSWER
39792277,1530348375,992A,OK
39791715,1530346722,984B,OK
39765917,1530270060,1000A,OK
39765806,1530269754,1000A,WRONG_ANSWER
39765765,1530269639,1000A,WRONG_ANSWER
39765462,1530268658,496B,OK
39765381,1530268489,496B,WRONG_ANSWER
39764948,1530267308,496B,WRONG_ANSWER
39764449,1530265942,496B,WRONG_ANSWER
39764361,1530265640,496B,WRONG_ANSWER
39672145,1530007294,996B,OK
39671879,1530006593,996B,WRONG_ANSWER
39626704,1529864416,996D,OK
39624233,1529863248,996B,WRONG_ANSWER
39611503,1529858668,996A,OK
39591607,1529821035,991C,OK
39590940,1529819378,991C,WRONG_ANSWER
39589460,1529815268,991B,OK
39574103,1529774093,991B,WRONG_ANSWER
39570464,1529772837,991B,WRONG_ANSWER
39558998,1529769946,991A,OK
39558426,1529769850,991A,WRONG_ANSWER
39556821,1529769580,991A,WRONG_ANSWER
39532260,1529729725,923B,OK
39486495,1529596861,999C,OK
39480668,1529594957,999B,OK
39477404,1529594007,999B,WRONG_ANSWER
39470305,1529592548,999A,OK
39459896,1529579789,706B,OK
39456945,1529572838,992B,OK
39455572,1529569580,992B,WRONG_ANSWER
39455280,1529568840,992B,WRONG_ANSWER
39453104,1529563035,992B,WRONG_ANSWER
39451016,1529555305,492B,OK
39433268,1529491432,954B,OK
39430475,1529484077,495B,OK
39430254,1529483618,495B,WRONG_ANSWER
39430160,1529483390,495B,WRONG_ANSWER
39428197,1529478008,817C,OK
39427954,1529477038,817C,WRONG_ANSWER
39282721,1529138586,923B,WRONG_ANSWER
39282598,1529138162,923B,WRONG_ANSWER
38961546,1528181578,780B,OK
38961524,1528181505,780B,WRONG_ANSWER
38936692,1528095548,772A,OK
38936675,1528095484,772A,WRONG_ANSWER
38936188,1528094010,772A,WRONG_ANSWER
38936106,1528093789,772A,WRONG_ANSWER
38915209,1528015408,957C,OK
38914075,1528012978,957C,TIME_LIMIT_EXCEEDED
38913298,1528011230,957C,WRONG_ANSWER
38293731,1526401610,984A,OK
38292706,1526401256,984B,WRONG_ANSWER
38285375,1526398625,984B,WRONG_ANSWER
38279410,1526396941,984A,WRONG_ANSWER
36915146,1522773243,954B,WRONG_ANSWER
36906489,1522769526,954B,WRONG_ANSWER
36906466,1522769461,354B,WRONG_ANSWER
36905213,1522765883,954B,WRONG_ANSWER
36905119,1522765653,954B,WRONG_ANSWER
36854547,1522603132,952A,COMPILATION_ERROR
