61375074,1569600153,525E,OK
61374911,1569600014,525E,TIME_LIMIT_EXCEEDED
61374551,1569599656,525E,TIME_LIMIT_EXCEEDED
49397904,1549199811,1106D,OK
49397766,1549199563,1106D,WRONG_ANSWER
49390320,1549186246,1106C,OK
49390171,1549185936,1106B,OK
49390144,1549185879,1106B,WRONG_ANSWER
49390088,1549185740,1106B,WRONG_ANSWER
49389101,1549183470,1106A,OK
46401532,1543581008,1061D,OK
46401497,1543580964,1061D,WRONG_ANSWER
46401208,1543580500,1061D,WRONG_ANSWER
46401105,1543580331,1061D,WRONG_ANSWER
46400941,1543580053,1061D,WRONG_ANSWER
46400807,1543579812,1061D,WRONG_ANSWER
46400764,1543579732,1061D,TIME_LIMIT_EXCEEDED
46201535,1543146251,1061B,OK
46200504,1543143854,1061B,WRONG_ANSWER
46197656,1543137577,1061C,OK
46197586,1543137414,1061C,OK
46197530,1543137282,1061C,WRONG_ANSWER
46197503,1543137212,1061C,RUNTIME_ERROR
46088319,1542908682,1061C,WRONG_ANSWER
46087929,1542908615,1061C,WRONG_ANSWER
46087483,1542908506,1061C,TIME_LIMIT_EXCEEDED
46087152,1542908393,1061C,TIME_LIMIT_EXCEEDED
46087095,1542908376,1061C,MEMORY_LIMIT_EXCEEDED
46086368,1542908131,1061C,TIME_LIMIT_EXCEEDED
46086320,1542908112,1061C,MEMORY_LIMIT_EXCEEDED
46086266,1542908090,1061C,MEMORY_LIMIT_EXCEEDED
46086150,1542908046,1061C,MEMORY_LIMIT_EXCEEDED
46086079,1542908021,1061C,MEMORY_LIMIT_EXCEEDED
46073107,1542903270,1061B,WRONG_ANSWER
46066921,1542901725,1061A,OK
46052574,1542876150,1043C,OK
45986917,1542698336,1043B,OK
45986619,1542697528,1043A,OK
45751737,1542246973,1073E,OK
45415506,1541599214,1073D,OK
45378053,1541510407,1073C,OK
45377105,1541508858,1073C,WRONG_ANSWER
45327909,1541425751,1073C,WRONG_ANSWER
45281684,1541340531,1073B,OK
45281266,1541339763,1073A,OK
40623126,1532230284,867E,OK
40622893,1532229498,867E,OK
40621990,1532226766,867E,OK
40247834,1531451006,755D,OK
40247739,1531450630,755D,WRONG_ANSWER
40247433,1531449454,755D,WRONG_ANSWER
40215034,1531359598,991E,OK
40214825,1531358945,991E,WRONG_ANSWER
40185501,1531271221,991D,OK
40154196,1531186026,991C,OK
40153887,1531184761,991B,OK
40153741,1531184106,991A,OK
40153632,1531183567,999F,OK
39791675,1530346639,999E,OK
39772159,1530286109,999E,WRONG_ANSWER
39646326,1529922327,999D,OK
39646300,1529922273,999D,WRONG_ANSWER
39646265,1529922184,999D,TIME_LIMIT_EXCEEDED
39646237,1529922130,999D,TIME_LIMIT_EXCEEDED
39510296,1529656844,999D,TIME_LIMIT_EXCEEDED
39510213,1529656642,999D,TIME_LIMIT_EXCEEDED
39510144,1529656502,999D,MEMORY_LIMIT_EXCEEDED
39510128,1529656462,999D,MEMORY_LIMIT_EXCEEDED
39510044,1529656272,999D,WRONG_ANSWER
39492900,1529598840,999D,WRONG_ANSWER
39492547,1529598766,999D,MEMORY_LIMIT_EXCEEDED
39488017,1529597399,999D,WRONG_ANSWER
39485156,1529596398,999D,WRONG_ANSWER
39481258,1529595129,999D,MEMORY_LIMIT_EXCEEDED
39480755,1529594977,999D,MEMORY_LIMIT_EXCEEDED
39473125,1529593048,999C,OK
39469279,1529592393,999B,OK
39466832,1529592068,999A,OK
39158119,1528726546,989B,OK
39149621,1528724533,989A,OK
39048629,1528467949,988E,OK
39031905,1528407010,988E,WRONG_ANSWER
39031039,1528402775,988F,OK
39031023,1528402727,988F,WRONG_ANSWER
39030984,1528402584,988F,WRONG_ANSWER
39030728,1528401554,988F,WRONG_ANSWER
38855483,1527869578,988D,OK
38854745,1527869333,988D,WRONG_ANSWER
38851728,1527868294,988D,TIME_LIMIT_EXCEEDED
38844789,1527866170,988C,OK
38838969,1527864826,988B,OK
38834848,1527864127,988A,OK
38612440,1527260058,985C,OK
38612108,1527259250,985C,WRONG_ANSWER
38612086,1527259176,985C,WRONG_ANSWER
38611980,1527258888,985C,WRONG_ANSWER
38611742,1527258191,985C,WRONG_ANSWER
38538934,1526999910,985C,WRONG_ANSWER
38538570,1526999090,985C,WRONG_ANSWER
38537802,1526997599,985B,OK
38537467,1526996856,985A,OK
38537417,1526996719,985A,WRONG_ANSWER
38537217,1526996271,985A,WRONG_ANSWER
38259313,1526368294,961C,OK
38258551,1526366184,961B,OK
38258474,1526365916,961B,WRONG_ANSWER
38194532,1526223761,961A,OK
38094241,1525963105,962C,OK
38066485,1525857951,962C,WRONG_ANSWER
38066218,1525857180,962B,OK
38065935,1525856340,962B,WRONG_ANSWER
38023543,1525790329,962B,WRONG_ANSWER
38023526,1525790275,962B,WRONG_ANSWER
38023503,1525790204,962B,WRONG_ANSWER
38023183,1525789344,962A,OK
37997805,1525701890,976E,OK
37996802,1525700008,976E,WRONG_ANSWER
37987461,1525677314,976E,WRONG_ANSWER
37987386,1525677076,976E,WRONG_ANSWER
37921233,1525589595,976B,OK
37921042,1525589058,976B,WRONG_ANSWER
37920694,1525588167,976C,OK
37920545,1525587716,976C,WRONG_ANSWER
37920471,1525587481,976C,WRONG_ANSWER
37920308,1525587038,976C,WRONG_ANSWER
37920279,1525586986,976C,WRONG_ANSWER
37907750,1525527593,976A,OK
37907607,1525527249,976A,WRONG_ANSWER
37883918,1525439978,976A,WRONG_ANSWER
37329018,1523712833,957C,OK
37328970,1523712738,957C,WRONG_ANSWER
37287952,1523629415,957B,OK
37140497,1523353337,957A,OK
37140483,1523353294,957A,WRONG_ANSWER
37117358,1523266091,957A,WRONG_ANSWER
37117302,1523265927,957A,WRONG_ANSWER
37117240,1523265694,957A,WRONG_ANSWER
37043126,1523088902,955C,OK
37042995,1523088658,955C,WRONG_ANSWER
37042838,1523088371,955C,WRONG_ANSWER
37036745,1523075820,955B,OK
36798817,1522587783,955A,OK
36252020,1520950838,931C,OK
36251845,1520950554,931C,WRONG_ANSWER
36153788,1520693072,931C,WRONG_ANSWER
36042328,1520423116,931B,OK
36033830,1520402279,931A,OK
35044667,1518066692,915F,TIME_LIMIT_EXCEEDED
35005939,1518023050,915F,TIME_LIMIT_EXCEEDED
35005674,1518022382,915F,TIME_LIMIT_EXCEEDED
35005220,1518021381,915F,TIME_LIMIT_EXCEEDED
35005171,1518021273,915F,TIME_LIMIT_EXCEEDED
35005147,1518021220,915F,TIME_LIMIT_EXCEEDED
35005015,1518020900,915F,WRONG_ANSWER
35004448,1518019705,915F,WRONG_ANSWER
35004380,1518019538,915F,WRONG_ANSWER
35003501,1518017558,915A,OK
35003262,1518017095,915A,WRONG_ANSWER
34706003,1517310455,915E,OK
34705949,1517310338,915E,COMPILATION_ERROR
34705932,1517310285,915E,MEMORY_LIMIT_EXCEEDED
34705924,1517310263,915E,MEMORY_LIMIT_EXCEEDED
34705865,1517310078,915E,RUNTIME_ERROR
34705116,1517307984,915E,WRONG_ANSWER
34705087,1517307908,915E,WRONG_ANSWER
34704815,1517307123,915E,WRONG_ANSWER
34697818,1517288320,915E,WRONG_ANSWER
34697735,1517288084,915E,WRONG_ANSWER
34697719,1517288019,915E,TIME_LIMIT_EXCEEDED
34681545,1517241736,915E,WRONG_ANSWER
34678826,1517240284,915E,WRONG_ANSWER
34636978,1517153303,915C,OK
34630027,1517134841,915C,WRONG_ANSWER
34629638,1517133734,915C,WRONG_ANSWER
34627690,1517128387,915C,WRONG_ANSWER
34627344,1517127481,915C,MEMORY_LIMIT_EXCEEDED
34627318,1517127398,915C,MEMORY_LIMIT_EXCEEDED
34627293,1517127320,915C,MEMORY_LIMIT_EXCEEDED
34325429,1516379009,908A,OK
34325293,1516378925,908A,WRONG_ANSWER
34188807,1515991762,912E,OK
34175800,1515935750,912E,WRONG_ANSWER
34175763,1515935655,912E,WRONG_ANSWER
34175598,1515935258,912E,WRONG_ANSWER
34175240,1515934505,912E,WRONG_ANSWER
34170784,1515920374,912E,WRONG_ANSWER
34170464,1515919404,912E,TIME_LIMIT_EXCEEDED
34072342,1515598888,912D,OK
34072312,1515598764,912D,WRONG_ANSWER
34072168,1515598173,912D,WRONG_ANSWER
34072134,1515598052,912D,WRONG_ANSWER
34071824,1515596958,912D,WRONG_ANSWER
34014586,1515423998,912B,OK
34009664,1515423164,912B,WRONG_ANSWER
34005798,1515422551,912A,OK
31145568,1507469915,869C,OK
31072482,1507297946,869B,OK
31069107,1507297410,869A,OK
29194728,1501852455,402E,OK
28087466,1498576849,820B,OK
28084542,1498575899,820B,WRONG_ANSWER
28083523,1498575606,820B,WRONG_ANSWER
28078788,1498574440,820A,OK
27880950,1497776854,816C,OK
27880929,1497776801,816C,WRONG_ANSWER
27880909,1497776736,816B,OK
27865279,1497717249,816C,WRONG_ANSWER
27863234,1497716340,816C,WRONG_ANSWER
27861850,1497715641,816C,WRONG_ANSWER
27861231,1497715316,816C,WRONG_ANSWER
27858539,1497713999,816B,WRONG_ANSWER
27849605,1497710810,816A,OK
27513565,1496370566,812B,OK
27513551,1496370518,812B,COMPILATION_ERROR
27513523,1496370367,812B,RUNTIME_ERROR
27503121,1496333377,812B,WRONG_ANSWER
27502596,1496333149,812B,WRONG_ANSWER
27501810,1496332806,812B,WRONG_ANSWER
27501368,1496332591,812B,WRONG_ANSWER
27499847,1496331911,812B,WRONG_ANSWER
27499552,1496331790,812B,WRONG_ANSWER
27498556,1496331354,812B,WRONG_ANSWER
27491673,1496328637,812C,OK
27489073,1496327645,812A,OK
27388044,1495888707,811C,OK
27386667,1495884810,811C,WRONG_ANSWER
27386535,1495884755,811C,MEMORY_LIMIT_EXCEEDED
27384883,1495883743,811C,WRONG_ANSWER
27384097,1495883237,811C,WRONG_ANSWER
27381992,1495881859,811C,WRONG_ANSWER
27381612,1495881643,811C,WRONG_ANSWER
27376926,1495879334,811B,TIME_LIMIT_EXCEEDED
27374711,1495878639,811A,OK
27373546,1495878363,811A,WRONG_ANSWER
26879353,1493984656,805E,WRONG_ANSWER
26879331,1493984568,805E,WRONG_ANSWER
26855050,1493913292,805D,OK
26847839,1493911158,805C,OK
26846844,1493910960,805B,OK
26843780,1493910406,805B,WRONG_ANSWER
26840522,1493909943,805A,OK
26795421,1493695508,792D,OK
26778834,1493614144,792C,OK
26766833,1493553140,792C,OK
26760317,1493527259,792B,OK
26760157,1493526319,792A,OK
26655750,1493109735,787B,OK
26655689,1493109476,787B,WRONG_ANSWER
26655676,1493109420,787B,WRONG_ANSWER
26602797,1492947438,798D,OK
26601595,1492944351,798C,OK
26601557,1492944221,798C,WRONG_ANSWER
26601469,1492943897,798C,WRONG_ANSWER
26559866,1492790887,798C,WRONG_ANSWER
26557060,1492789595,798C,WRONG_ANSWER
26549833,1492787323,798B,OK
26548431,1492787030,798A,OK
26542671,1492785815,798A,WRONG_ANSWER
26467859,1492486587,787A,OK
26453701,1492430166,771C,OK
26404172,1492319520,791C,OK
26404139,1492319432,791C,WRONG_ANSWER
26404080,1492319250,791C,WRONG_ANSWER
26314862,1491992462,791B,OK
26314279,1491989687,791B,WRONG_ANSWER
26313206,1491984713,791B,WRONG_ANSWER
26313132,1491984398,791B,WRONG_ANSWER
26311841,1491978425,791B,WRONG_ANSWER
26311598,1491977067,791A,OK
26184450,1491542551,785E,OK
26184423,1491542413,785E,WRONG_ANSWER
26091901,1491200159,785D,OK
26069188,1491107865,785C,OK
26069176,1491107807,785C,WRONG_ANSWER
26069151,1491107634,785C,RUNTIME_ERROR
26069125,1491107481,785C,WRONG_ANSWER
26069008,1491106647,785B,OK
26068976,1491106468,785B,WRONG_ANSWER
26068893,1491106078,785A,OK
25967540,1490933351,770C,OK
25810536,1490503060,770B,OK
25810224,1490501236,770A,OK
25762959,1490330958,769B,OK
25762771,1490330116,769D,OK
25762755,1490330017,769D,WRONG_ANSWER
25762678,1490329653,769C,OK
25762551,1490328886,769C,TIME_LIMIT_EXCEEDED
25680764,1490075186,769A,OK
25680697,1490074879,769A,WRONG_ANSWER
25680682,1490074809,769A,WRONG_ANSWER
25679849,1490069376,776D,OK
25661141,1489996135,776C,OK
25661064,1489995822,776C,WRONG_ANSWER
25661014,1489995575,776C,WRONG_ANSWER
25659051,1489983653,776B,OK
25659041,1489983628,776B,WRONG_ANSWER
25659017,1489983467,776B,WRONG_ANSWER
25564214,1489727621,776A,OK
25563896,1489725837,768D,OK
25563819,1489725313,768D,RUNTIME_ERROR
25548960,1489668522,768C,OK
25491810,1489562299,768B,OK
25491728,1489562040,768B,RUNTIME_ERROR
25491570,1489561488,768A,OK
25491327,1489560604,768A,WRONG_ANSWER
25446661,1489379320,768B,MEMORY_LIMIT_EXCEEDED
25424413,1489296933,781C,OK
25423886,1489294719,781C,WRONG_ANSWER
25423816,1489294467,781C,MEMORY_LIMIT_EXCEEDED
25353115,1489033038,781A,OK
25353103,1489032928,782C,WRONG_ANSWER
25353087,1489032761,782C,WRONG_ANSWER
25353071,1489032583,782C,WRONG_ANSWER
25353048,1489032409,782C,WRONG_ANSWER
25352896,1489031038,782B,OK
25289165,1488798574,782B,TIME_LIMIT_EXCEEDED
25288646,1488796940,782A,OK
25141239,1488436389,777E,OK
25141198,1488436214,777E,WRONG_ANSWER
25120485,1488363803,777D,OK
25073418,1488189298,779D,OK
25050670,1488107506,779B,OK
25039761,1488098904,779C,OK
25035786,1488097728,779B,WRONG_ANSWER
25032500,1488096895,779A,OK
25010401,1488020986,767C,OK
25010380,1488020940,767C,RUNTIME_ERROR
25010282,1488020683,767C,WRONG_ANSWER
25010245,1488020605,767C,WRONG_ANSWER
25002921,1488001464,777C,OK
24979654,1487939265,777C,RUNTIME_ERROR
24979487,1487939138,777C,RUNTIME_ERROR
24966665,1487932786,777B,OK
24962337,1487931392,777A,OK
24955878,1487916562,767C,WRONG_ANSWER
24955585,1487915583,767C,WRONG_ANSWER
24907810,1487821457,767B,OK
24907763,1487821155,767B,WRONG_ANSWER
24907751,1487821074,767B,WRONG_ANSWER
24907733,1487820979,767B,WRONG_ANSWER
24907697,1487820732,767B,WRONG_ANSWER
24907391,1487818948,767B,WRONG_ANSWER
24907318,1487818525,767B,WRONG_ANSWER
24907271,1487818331,767B,WRONG_ANSWER
24907262,1487818290,767B,WRONG_ANSWER
24906993,1487816720,767A,OK
24906966,1487816555,767A,WRONG_ANSWER
24862021,1487655265,765E,OK
24861888,1487654771,765E,WRONG_ANSWER
24794709,1487481244,765D,OK
24794705,1487481218,765D,WRONG_ANSWER
24774751,1487417355,765B,OK
24774689,1487417082,765C,OK
24771101,1487414971,765A,OK
24770623,1487414795,765A,WRONG_ANSWER
24732053,1487309640,757D,OK
24731972,1487309209,757D,RUNTIME_ERROR
24731956,1487309130,757D,RUNTIME_ERROR
24715304,1487239630,757C,OK
24691089,1487150974,757B,OK
24690918,1487150502,757B,TIME_LIMIT_EXCEEDED
24690814,1487150193,757B,WRONG_ANSWER
24642879,1487053544,757A,OK
24642870,1487053510,757A,RUNTIME_ERROR
24642577,1487052085,449A,OK
24642517,1487051865,449A,WRONG_ANSWER
24589973,1486817974,766E,OK
24569691,1486730905,766D,OK
24569089,1486728826,766C,OK
24567520,1486722465,766B,OK
24567316,1486721636,766A,OK
24546148,1486634835,761E,OK
24546096,1486634650,761E,WRONG_ANSWER
24546066,1486634548,761E,WRONG_ANSWER
24546031,1486634460,761E,WRONG_ANSWER
24545991,1486634355,761E,WRONG_ANSWER
24545946,1486634191,761E,WRONG_ANSWER
24545812,1486633724,761E,WRONG_ANSWER
24545770,1486633576,761E,WRONG_ANSWER
24545726,1486633478,761E,WRONG_ANSWER
24545684,1486633332,761E,WRONG_ANSWER
24491118,1486481652,761D,OK
24490776,1486480518,761D,WRONG_ANSWER
24490198,1486478518,761C,OK
24490073,1486478026,761C,WRONG_ANSWER
24489494,1486476165,761B,OK
24485617,1486462339,761A,OK
24485538,1486462068,761A,WRONG_ANSWER
24410757,1486126871,764D,OK
24400883,1486093324,764C,OK
24400828,1486093069,764C,WRONG_ANSWER
24400801,1486092948,764C,WRONG_ANSWER
24400776,1486092874,763A,WRONG_ANSWER
24400755,1486092791,763A,WRONG_ANSWER
24384407,1486048534,764C,WRONG_ANSWER
24382785,1486047778,764C,TIME_LIMIT_EXCEEDED
24382067,1486047423,764C,TIME_LIMIT_EXCEEDED
24379433,1486046177,764C,WRONG_ANSWER
24372070,1486043672,764B,OK
24366574,1486042788,764A,OK
24358737,1486018500,760C,OK
24331982,1485919938,760B,OK
24286367,1485855922,760A,OK
24267320,1485780914,755C,OK
24267206,1485780576,755C,IDLENESS_LIMIT_EXCEEDED
24266755,1485779348,755B,OK
24242943,1485680766,762B,OK
24242796,1485680243,762B,TIME_LIMIT_EXCEEDED
24242775,1485680130,762B,TIME_LIMIT_EXCEEDED
24242713,1485679785,762B,TIME_LIMIT_EXCEEDED
24242692,1485679688,762B,RUNTIME_ERROR
24152114,1485445340,762A,OK
24151928,1485444832,762A,WRONG_ANSWER
24151880,1485444638,762A,WRONG_ANSWER
24150991,1485442133,762A,TIME_LIMIT_EXCEEDED
24150718,1485441395,762A,WRONG_ANSWER
24028469,1485081795,758B,OK
24026922,1485076132,758D,OK
24026896,1485076024,758D,WRONG_ANSWER
24026083,1485073236,758D,WRONG_ANSWER
24026057,1485073145,758D,WRONG_ANSWER
23988532,1484915804,758A,OK
23942052,1484821274,755A,OK
23920118,1484737911,566D,OK
23920105,1484737850,566D,TIME_LIMIT_EXCEEDED
23658778,1483928767,607B,OK
23640125,1483852870,484D,OK
23640120,1483852818,484D,WRONG_ANSWER
23595157,1483715607,754B,OK
23590772,1483714399,754A,OK
23494748,1483342690,753A,OK
23483258,1483274035,750D,OK
23435517,1483109620,750C,OK
23430597,1483108573,750B,OK
23423469,1483107624,750A,OK
23412246,1483069131,735D,OK
23412227,1483068926,735D,WRONG_ANSWER
23412219,1483068889,735D,WRONG_ANSWER
23358727,1482841052,735B,OK
23358393,1482839649,735A,OK
23351506,1482809991,746G,OK
23351483,1482809875,746G,WRONG_ANSWER
23351475,1482809828,746G,WRONG_ANSWER
23351262,1482808267,746G,WRONG_ANSWER
23351177,1482807688,746G,WRONG_ANSWER
23331614,1482720949,746D,OK
23331386,1482719351,746B,OK
23331338,1482719031,746A,OK
23311366,1482675188,745C,OK
23311152,1482674770,745C,WRONG_ANSWER
23265364,1482562091,745B,OK
23246888,1482495598,745A,OK
23246475,1482494089,749D,OK
23246351,1482493679,749D,RUNTIME_ERROR
23218937,1482390506,749C,OK
23218881,1482390274,749C,TIME_LIMIT_EXCEEDED
23218869,1482390179,749C,TIME_LIMIT_EXCEEDED
23218812,1482389925,749C,WRONG_ANSWER
23218472,1482388027,749B,OK
23218463,1482387975,749B,WRONG_ANSWER
23218386,1482387629,749B,WRONG_ANSWER
23218344,1482387450,749B,WRONG_ANSWER
23216700,1482378059,749A,OK
23169995,1482211492,743E,OK
23135510,1482142625,747E,OK
23128364,1482121895,747D,OK
23126393,1482118987,747D,OK
23122921,1482115682,747C,OK
23120153,1482114027,747B,OK
23118588,1482113420,747A,OK
23081439,1482055683,743A,OK
23079863,1482049639,743D,OK
22975513,1481733230,743D,WRONG_ANSWER
22970754,1481731480,743D,WRONG_ANSWER
22968004,1481730489,743C,OK
22958393,1481727693,743B,OK
22952814,1481726656,743A,CHALLENGED
22951940,1481726511,743A,WRONG_ANSWER
22942285,1481694764,567D,WRONG_ANSWER
22920227,1481608876,742E,OK
22920215,1481608775,742E,WRONG_ANSWER
22918493,1481597077,742D,OK
22801800,1481173181,742C,OK
22773773,1481077039,742C,WRONG_ANSWER
22773758,1481076986,742C,TIME_LIMIT_EXCEEDED
22773592,1481076165,742B,OK
22773559,1481075980,742B,WRONG_ANSWER
22772349,1481068501,742B,WRONG_ANSWER
22772338,1481068400,742B,WRONG_ANSWER
22772316,1481068281,742B,WRONG_ANSWER
22772306,1481068178,742B,WRONG_ANSWER
22772292,1481068058,742B,WRONG_ANSWER
22761530,1481042076,742D,WRONG_ANSWER
22761209,1481042021,742D,WRONG_ANSWER
22760390,1481041802,742D,WRONG_ANSWER
22754667,1481039894,742C,WRONG_ANSWER
22753692,1481039570,742C,WRONG_ANSWER
22739485,1481035967,742B,CHALLENGED
22738285,1481035773,742B,RUNTIME_ERROR
22737459,1481035652,742A,OK
22735500,1481035370,742A,WRONG_ANSWER
22733306,1481035110,742A,WRONG_ANSWER
22711099,1480940555,729A,WRONG_ANSWER
22707865,1480929404,505A,OK
22704146,1480909517,730J,COMPILATION_ERROR
22704132,1480909384,730J,OK
22704104,1480909172,730J,OK
22704014,1480908275,730J,WRONG_ANSWER
22703728,1480905382,730G,OK
22674701,1480762867,730H,OK
22674364,1480761646,730H,WRONG_ANSWER
22593955,1480407100,731F,OK
22593394,1480404732,731F,WRONG_ANSWER
22592405,1480402966,731E,OK
22591005,1480395532,731C,OK
22590723,1480393607,731C,TIME_LIMIT_EXCEEDED
22590643,1480392928,731B,OK
22590621,1480392692,731A,OK
22463633,1479983374,740C,OK
22463547,1479982996,740C,WRONG_ANSWER
22461571,1479975091,740B,OK
22461505,1479974864,740A,OK
22461335,1479974129,740A,WRONG_ANSWER
22398677,1479801303,732E,OK
22398671,1479801236,732E,OK
22398644,1479801082,732E,WRONG_ANSWER
22398582,1479800731,732E,WRONG_ANSWER
22398557,1479800567,732E,WRONG_ANSWER
22398390,1479799609,732E,TIME_LIMIT_EXCEEDED
22380233,1479721277,732D,OK
22380214,1479721216,732D,WRONG_ANSWER
22379628,1479718645,732C,OK
22379046,1479716375,732B,OK
22378960,1479716039,732A,OK
22316852,1479517824,733D,OK
22316844,1479517771,733D,RUNTIME_ERROR
22299805,1479443489,733B,OK
22299704,1479442730,733A,OK
22299587,1479441757,733A,WRONG_ANSWER
22299404,1479440410,734F,OK
22287901,1479385933,734F,WRONG_ANSWER
22287851,1479385800,734F,WRONG_ANSWER
22287809,1479385674,734F,WRONG_ANSWER
22287782,1479385613,734F,WRONG_ANSWER
22286879,1479383279,734E,OK
22266148,1479298209,734D,OK
22265954,1479297750,734D,WRONG_ANSWER
22264926,1479295362,734C,OK
22264796,1479295047,734C,WRONG_ANSWER
22264320,1479293779,734B,OK
22263141,1479290098,734A,OK
22074861,1478435340,486D,OK
22034351,1478263505,106C,WRONG_ANSWER
22032077,1478256573,489C,OK
22032058,1478256498,489C,WRONG_ANSWER
22032004,1478256278,489C,MEMORY_LIMIT_EXCEEDED
22031885,1478255781,489C,WRONG_ANSWER
22013304,1478179322,489E,OK
22010541,1478169755,489E,WRONG_ANSWER
21988820,1478084376,489F,OK
21988760,1478084180,489F,TIME_LIMIT_EXCEEDED
21988706,1478084064,489F,TIME_LIMIT_EXCEEDED
21961192,1477989594,490F,OK
21961089,1477989373,490F,WRONG_ANSWER
21907679,1477905541,505C,OK
21872192,1477746151,509F,OK
21871993,1477745600,509F,WRONG_ANSWER
21871802,1477745021,509F,WRONG_ANSWER
21844861,1477653733,540D,OK
21820757,1477570045,543A,OK
21820552,1477569576,543A,OK
21819631,1477567304,543A,WRONG_ANSWER
21819439,1477566914,543A,WRONG_ANSWER
21818449,1477563897,101138C,WRONG_ANSWER
21815903,1477560322,543A,RUNTIME_ERROR
21815859,1477560137,543A,RUNTIME_ERROR
21786114,1477453113,545C,OK
21771089,1477399550,550C,OK
21771088,1477399550,550C,OK
21770975,1477399180,550C,WRONG_ANSWER
21769130,1477392914,570E,OK
21767389,1477387179,567C,OK
21767388,1477387179,567C,OK
21766480,1477384204,566F,OK
21706788,1477217040,580D,OK
21706284,1477216387,580D,WRONG_ANSWER
21704456,1477214068,580D,WRONG_ANSWER
21702950,1477212309,580D,WRONG_ANSWER
21699080,1477203098,597C,OK
21663108,1477130197,598E,OK
21634704,1477033218,607A,OK
21634639,1477033068,607A,WRONG_ANSWER
21634607,1477032982,607A,WRONG_ANSWER
21590801,1476878604,615B,OK
21590692,1476878322,615B,WRONG_ANSWER
21403529,1476363639,628D,OK
21402859,1476361812,628D,WRONG_ANSWER
21402504,1476360741,628D,WRONG_ANSWER
21402432,1476360535,628D,WRONG_ANSWER
21402350,1476360294,628D,WRONG_ANSWER
21402293,1476360156,628D,WRONG_ANSWER
21402246,1476360052,628D,WRONG_ANSWER
21381771,1476276722,629C,WRONG_ANSWER
21381704,1476276518,629C,OK
21381683,1476276431,629C,WRONG_ANSWER
21381647,1476276352,629C,RUNTIME_ERROR
21381532,1476276099,629C,RUNTIME_ERROR
21375098,1476255688,632E,OK
21372998,1476246183,653B,OK
21338199,1476104741,682D,OK
21334465,1476090521,691F,OK
21332694,1476087641,700B,OK
21330327,1476075622,710E,OK
21330315,1476075573,710E,WRONG_ANSWER
21330265,1476075221,710E,WRONG_ANSWER
21319896,1476020775,712D,OK
21319492,1476019547,712D,OK
21319431,1476019371,712D,WRONG_ANSWER
21319303,1476019011,712D,WRONG_ANSWER
21319290,1476018973,712D,MEMORY_LIMIT_EXCEEDED
21319263,1476018888,712D,RUNTIME_ERROR
21315802,1476009726,713C,OK
21315780,1476009681,713C,RUNTIME_ERROR
21275031,1475914808,721C,OK
21274991,1475914666,721C,TIME_LIMIT_EXCEEDED
21254310,1475833574,128C,OK
21144012,1475496278,39J,OK
19840702,1471059476,18B,OK
19840453,1471058293,18B,WRONG_ANSWER
19829265,1471007703,18A,OK
19829201,1471007498,18A,WRONG_ANSWER
19829159,1471007373,18A,WRONG_ANSWER
19829125,1471007270,18A,WRONG_ANSWER
19828995,1471006832,18A,WRONG_ANSWER
19818483,1470974643,527B,OK
19818458,1470974541,527B,WRONG_ANSWER
19818333,1470973966,527B,WRONG_ANSWER
19818242,1470973592,527B,WRONG_ANSWER
19818059,1470972986,527B,WRONG_ANSWER
19817861,1470972242,527B,WRONG_ANSWER
19535374,1469958969,680B,OK
19535204,1469958401,680A,OK
19535161,1469958279,680A,WRONG_ANSWER
19437330,1469609653,510C,OK
19437310,1469609592,510C,WRONG_ANSWER
19437251,1469609416,510C,WRONG_ANSWER
19437232,1469609345,510C,WRONG_ANSWER
19437114,1469609023,510C,WRONG_ANSWER
19437071,1469608848,510C,WRONG_ANSWER
19437038,1469608755,510C,WRONG_ANSWER
19436141,1469605929,510B,OK
19435791,1469604738,510A,OK
19049915,1468323944,424C,OK
19049369,1468322463,424C,WRONG_ANSWER
18818670,1467271402,337D,OK
18041178,1463993727,628A,OK
17759686,1462533414,22E,WRONG_ANSWER
17759567,1462532969,22E,WRONG_ANSWER
17757709,1462525196,22E,WRONG_ANSWER
17757499,1462524327,22E,WRONG_ANSWER
17757394,1462523831,22E,WRONG_ANSWER
17757144,1462522662,22E,WRONG_ANSWER
17756846,1462521215,22E,WRONG_ANSWER
17756814,1462521064,22E,WRONG_ANSWER
17756747,1462520779,22E,WRONG_ANSWER
17335392,1460789000,429B,OK
17335360,1460788869,429B,OK
17335076,1460787463,429B,WRONG_ANSWER
17335025,1460787142,429B,WRONG_ANSWER
16723918,1458023087,405E,RUNTIME_ERROR
16610826,1457493198,219D,OK
16600871,1457440391,399A,OK
16482921,1457010226,76F,OK
16482881,1457010093,76F,WRONG_ANSWER
16482826,1457009895,76F,WRONG_ANSWER
16482732,1457009581,76F,WRONG_ANSWER
16482696,1457009451,76F,WRONG_ANSWER
16339974,1456459258,440A,WRONG_ANSWER
16200366,1455886389,630F,OK
16199954,1455885272,630F,WRONG_ANSWER
16199735,1455884751,630F,WRONG_ANSWER
16197116,1455875451,630E,OK
16194395,1455866201,630D,OK
16193449,1455862616,630C,OK
16192867,1455860510,630B,OK
16192734,1455859811,630A,OK
16192720,1455859771,630A,OK
16192679,1455859622,630A,TIME_LIMIT_EXCEEDED
16140736,1455796791,440A,OK
16140722,1455796744,440A,RUNTIME_ERROR
16137208,1455777345,381C,OK
16137154,1455777082,381C,TIME_LIMIT_EXCEEDED
16077785,1455716876,381B,OK
16077671,1455716481,381B,WRONG_ANSWER
16077646,1455716384,381B,WRONG_ANSWER
16070797,1455711935,381A,OK
16033350,1455542291,454B,OK
16032995,1455540902,454A,OK
16016297,1455445172,440B,OK
16016204,1455444739,440B,WRONG_ANSWER
16016002,1455443906,440A,OK
15752610,1454425114,583C,OK
15752583,1454425016,583C,TIME_LIMIT_EXCEEDED
15752561,1454424940,583C,TIME_LIMIT_EXCEEDED
15752501,1454424728,583C,TIME_LIMIT_EXCEEDED
15752478,1454424650,583C,TIME_LIMIT_EXCEEDED
15752398,1454424350,583C,TIME_LIMIT_EXCEEDED
15752363,1454424209,583C,TIME_LIMIT_EXCEEDED
15752240,1454423785,583B,OK
15750650,1454418843,583A,OK
15732576,1454335499,621E,OK
15729589,1454325974,621C,OK
15724406,1454301971,621D,OK
15724367,1454301810,621B,OK
15724322,1454301608,621B,WRONG_ANSWER
15724294,1454301503,621B,WRONG_ANSWER
15724271,1454301412,621B,RUNTIME_ERROR
15724266,1454301383,621B,RUNTIME_ERROR
15724154,1454300726,621D,WRONG_ANSWER
15714885,1454256283,621B,WRONG_ANSWER
15714038,1454255966,621B,WRONG_ANSWER
15712050,1454254890,621D,WRONG_ANSWER
15703623,1454251164,621B,TIME_LIMIT_EXCEEDED
15699142,1454249835,621A,OK
15549164,1453619604,617D,OK
15549096,1453619388,617D,WRONG_ANSWER
15547876,1453615126,617C,OK
15547831,1453614983,617C,WRONG_ANSWER
15547796,1453614852,617C,WRONG_ANSWER
15533496,1453568417,617C,TIME_LIMIT_EXCEEDED
15531121,1453567395,617C,WRONG_ANSWER
15524849,1453565083,617B,OK
15523293,1453564608,617B,WRONG_ANSWER
15519066,1453563663,617A,OK
15466834,1453372731,460C,OK
15466824,1453372670,460C,OK
15466805,1453372569,460C,OK
15466779,1453372411,460C,WRONG_ANSWER
15466730,1453372162,460C,WRONG_ANSWER
15466695,1453371955,460C,WRONG_ANSWER
15466667,1453371831,460C,WRONG_ANSWER
15466636,1453371710,460C,WRONG_ANSWER
15466600,1453371374,460C,WRONG_ANSWER
15466557,1453371076,460C,WRONG_ANSWER
15466374,1453370047,460C,WRONG_ANSWER
15463908,1453359042,460B,OK
15463875,1453358907,460B,WRONG_ANSWER
15463657,1453357707,460A,OK
15463482,1453356887,460A,WRONG_ANSWER
15455495,1453303835,445E,OK
15455427,1453303525,445E,TIME_LIMIT_EXCEEDED
15454024,1453297165,445D,OK
15453985,1453297016,445D,WRONG_ANSWER
15453921,1453296762,445D,RUNTIME_ERROR
15453805,1453296281,445D,RUNTIME_ERROR
15453774,1453296147,445D,RUNTIME_ERROR
15450015,1453276792,445C,OK
15449540,1453274690,445B,OK
15449167,1453273072,445B,WRONG_ANSWER
15449157,1453273023,445B,COMPILATION_ERROR
15448977,1453272162,445A,OK
15448865,1453271685,445A,WRONG_ANSWER
15448849,1453271625,445A,WRONG_ANSWER
15448748,1453271205,445A,WRONG_ANSWER
15165852,1451807827,552C,WRONG_ANSWER
15086251,1451400060,610A,WRONG_ANSWER
15086224,1451399942,610A,WRONG_ANSWER
14967768,1450952451,106C,OK
14923891,1450781309,359C,OK
14923814,1450780858,359C,WRONG_ANSWER
14908849,1450686786,569B,OK
14908573,1450685135,569A,OK
14908187,1450682618,53B,OK
14906891,1450671189,569A,WRONG_ANSWER
14906847,1450670672,569B,WRONG_ANSWER
14906599,1450667675,53B,TIME_LIMIT_EXCEEDED
14906576,1450667429,53B,WRONG_ANSWER
14906563,1450667197,53B,WRONG_ANSWER
14906521,1450666606,53B,WRONG_ANSWER
14897581,1450608557,53B,MEMORY_LIMIT_EXCEEDED
14897438,1450607900,53B,WRONG_ANSWER
14897408,1450607769,53B,TIME_LIMIT_EXCEEDED
14895437,1450597757,595B,TIME_LIMIT_EXCEEDED
14895339,1450597349,595B,WRONG_ANSWER
14894783,1450593802,592C,OK
14894751,1450593580,592C,WRONG_ANSWER
14894690,1450593193,592C,WRONG_ANSWER
14894665,1450593035,592C,WRONG_ANSWER
14894423,1450591052,592C,WRONG_ANSWER
14894386,1450590806,592C,WRONG_ANSWER
14880325,1450538531,592A,OK
14880102,1450538430,592A,WRONG_ANSWER
14874353,1450523194,596C,WRONG_ANSWER
14860854,1450443385,427C,WRONG_ANSWER
14813542,1450176208,424A,OK
14802072,1450096782,552D,OK
14802049,1450096690,552D,OK
14802016,1450096546,552D,TIME_LIMIT_EXCEEDED
14801940,1450096135,552D,WRONG_ANSWER
14657295,1449293257,416B,OK
14657248,1449292847,416A,OK
14657229,1449292673,416A,WRONG_ANSWER
14648059,1449233448,416C,OK
14648006,1449233197,416C,WRONG_ANSWER
14647989,1449233143,416C,WRONG_ANSWER
14647906,1449232787,416C,WRONG_ANSWER
14647870,1449232685,416C,WRONG_ANSWER
14646816,1449229129,416B,WRONG_ANSWER
14646186,1449226962,416A,WRONG_ANSWER
14646019,1449226397,416A,WRONG_ANSWER
14645979,1449226217,416A,WRONG_ANSWER
14644370,1449219005,415B,OK
14643941,1449216634,415A,OK
14643910,1449216468,415A,WRONG_ANSWER
14633143,1449143625,413A,OK
14582993,1448968750,414A,WRONG_ANSWER
14582973,1448968667,414A,WRONG_ANSWER
14582956,1448968579,414A,WRONG_ANSWER
14582919,1448968409,414A,WRONG_ANSWER
14536375,1448695246,412E,OK
14536266,1448694821,412E,WRONG_ANSWER
14536245,1448694752,412E,WRONG_ANSWER
14536202,1448694555,412E,WRONG_ANSWER
14536128,1448694282,412E,WRONG_ANSWER
14513108,1448635870,412E,WRONG_ANSWER
14512271,1448632451,412E,WRONG_ANSWER
14512183,1448632086,412E,WRONG_ANSWER
14512081,1448631599,412E,WRONG_ANSWER
14511996,1448631271,412E,WRONG_ANSWER
14511987,1448631227,412E,WRONG_ANSWER
14511906,1448630962,412E,WRONG_ANSWER
14511887,1448630897,412E,WRONG_ANSWER
14510925,1448627405,412D,WRONG_ANSWER
14510086,1448624458,412C,WRONG_ANSWER
14423648,1448270014,411A,OK
14356577,1448011864,577B,WRONG_ANSWER
14355533,1448006627,577A,OK
14336564,1447907664,405D,OK
14264520,1447573240,409A,OK
14263876,1447568612,409H,OK
14263871,1447568598,409H,WRONG_ANSWER
14263869,1447568583,409H,WRONG_ANSWER
14263859,1447568556,409H,WRONG_ANSWER
14263835,1447568356,409H,WRONG_ANSWER
14263808,1447568188,409H,WRONG_ANSWER
14263683,1447567281,408B,OK
14249440,1447484833,408A,OK
14249104,1447482948,404D,OK
14223103,1447399456,371C,OK
14223093,1447399398,371C,WRONG_ANSWER
14223048,1447399069,371C,WRONG_ANSWER
14222957,1447398327,371C,WRONG_ANSWER
14222926,1447398089,371C,WRONG_ANSWER
14222508,1447394662,371B,OK
14222160,1447391617,371A,OK
14221839,1447388629,388A,OK
14210745,1447321098,407B,OK
14209986,1447317238,391A,OK
14206902,1447297606,390C,OK
14206743,1447296303,390C,WRONG_ANSWER
14206698,1447295926,390C,WRONG_ANSWER
14183909,1447158088,407A,OK
14183863,1447157886,407A,WRONG_ANSWER
14183768,1447157344,407A,WRONG_ANSWER
14170478,1447073395,405C,OK
14170463,1447073350,405C,WRONG_ANSWER
14169435,1447069701,405B,OK
14169375,1447069443,405B,WRONG_ANSWER
14168982,1447068002,405A,OK
14124343,1446901154,404C,OK
14123865,1446899465,404C,RUNTIME_ERROR
14123812,1446899292,404C,RUNTIME_ERROR
14123549,1446898256,404C,WRONG_ANSWER
14120812,1446888895,50B,OK
14120614,1446888339,50A,OK
14120237,1446887192,404C,WRONG_ANSWER
14119874,1446886282,404C,WRONG_ANSWER
14119501,1446885506,404C,WRONG_ANSWER
14119426,1446885337,404C,WRONG_ANSWER
14119014,1446884042,404C,WRONG_ANSWER
14117170,1446875415,404B,WRONG_ANSWER
14117093,1446875080,404B,OK
14117070,1446874971,404B,WRONG_ANSWER
14117051,1446874855,404B,WRONG_ANSWER
14117011,1446874622,404B,WRONG_ANSWER
14116944,1446874258,404B,WRONG_ANSWER
14116775,1446873299,404B,WRONG_ANSWER
14116752,1446873147,404B,WRONG_ANSWER
14116447,1446870984,404A,OK
11345162,1432901236,7C,OK
11345068,1432900892,7C,WRONG_ANSWER
11345029,1432900711,7C,WRONG_ANSWER
11344911,1432900203,7C,WRONG_ANSWER
11344778,1432899594,7C,WRONG_ANSWER
11344676,1432899122,7C,WRONG_ANSWER
11344661,1432899044,7C,COMPILATION_ERROR
