6290846,1396836786,415B,OK
6290844,1396836759,415B,WRONG_ANSWER
6290836,1396836636,415B,WRONG_ANSWER
6289241,1396814019,415B,OK
6289231,1396813957,415B,WRONG_ANSWER
6289191,1396813744,415B,WRONG_ANSWER
6289082,1396813075,415B,WRONG_ANSWER
6287733,1396808973,415B,WRONG_ANSWER
6287222,1396805899,415B,WRONG_ANSWER
6287103,1396805846,415B,WRONG_ANSWER
6286318,1396805395,415B,WRONG_ANSWER
6285576,1396804943,415B,WRONG_ANSWER
6283817,1396803883,415E,OK
6281309,1396802497,415B,WRONG_ANSWER
6277505,1396800771,415D,OK
6275040,1396799977,415C,OK
6274049,1396799701,415A,OK
