35110776,1518235264,920A,OK
35110369,1518232992,920A,WRONG_ANSWER
35110341,1518232858,920A,OK
35110276,1518232544,920A,WRONG_ANSWER
35110253,1518232433,920A,WRONG_ANSWER
35110173,1518232084,920A,WRONG_ANSWER
35110073,1518231657,920A,WRONG_ANSWER
35109975,1518231255,920A,WRONG_ANSWER
35109874,1518230823,920A,WRONG_ANSWER
35109835,1518230666,920A,WRONG_ANSWER
35109713,1518230112,920A,OK
33234570,1513242224,101630I,COMPILATION_ERROR
33234062,1513240773,101630I,IDLENESS_LIMIT_EXCEEDED
33233185,1513238272,101630A,OK
33232775,1513236922,101630D,TIME_LIMIT_EXCEEDED
33232701,1513236637,101630D,RUNTIME_ERROR
33232608,1513236356,101630D,OK
33232490,1513235943,101630D,OK
33231721,1513233789,101630D,RUNTIME_ERROR
33230409,1513229472,101630C,OK
33230184,1513228651,101630C,WRONG_ANSWER
33230065,1513228211,101630C,WRONG_ANSWER
33229380,1513225171,101630B,OK
33229117,1513223594,101630E,OK
33219995,1513182095,101617E,OK
33219861,1513181788,101617E,WRONG_ANSWER
33219808,1513181626,101617E,WRONG_ANSWER
33219705,1513181405,101617E,WRONG_ANSWER
33217951,1513179165,101617K,WRONG_ANSWER
33217808,1513178854,101617K,WRONG_ANSWER
33217642,1513178416,101617K,WRONG_ANSWER
33216384,1513175609,101617F,OK
33216192,1513175178,101617F,WRONG_ANSWER
33216124,1513174953,101617F,WRONG_ANSWER
33215840,1513174372,101617F,WRONG_ANSWER
33214686,1513171704,101617G,OK
33213892,1513170063,101617D,OK
33213788,1513169897,101617H,OK
33213253,1513168796,101617A,OK
33212922,1513168065,101617A,WRONG_ANSWER
33212145,1513166543,101617D,WRONG_ANSWER
33211960,1513166146,101617D,WRONG_ANSWER
33211378,1513164969,101617J,OK
33211232,1513164652,101617J,WRONG_ANSWER
33211196,1513164557,101617J,WRONG_ANSWER
33211120,1513164412,101617J,WRONG_ANSWER
33210617,1513163308,101617I,OK
33104296,1513002972,101635G,TIME_LIMIT_EXCEEDED
33102327,1512997398,101635K,OK
33101896,1512996110,101635K,WRONG_ANSWER
33101589,1512995254,101635K,WRONG_ANSWER
33100827,1512993292,101635E,OK
33099940,1512990621,101635C,OK
33098813,1512986820,101635J,OK
33098454,1512985514,101635A,OK
33098355,1512985167,101635J,WRONG_ANSWER
33098305,1512985021,101635J,RUNTIME_ERROR
33098266,1512984922,101635J,WRONG_ANSWER
33097975,1512983860,101635F,OK
33044562,1512811607,101615I,OK
33044535,1512811546,101615I,COMPILATION_ERROR
33044181,1512810533,101615I,WRONG_ANSWER
33043293,1512807550,101615D,OK
33042624,1512805031,101615D,TIME_LIMIT_EXCEEDED
33042575,1512804825,101615G,OK
33042539,1512804668,101615D,TIME_LIMIT_EXCEEDED
33042379,1512803979,101615A,WRONG_ANSWER
33042112,1512802868,101615D,WRONG_ANSWER
33042053,1512802650,101615D,WRONG_ANSWER
33041351,1512799856,101615E,OK
33041052,1512798620,101615J,OK
33041004,1512798465,101615J,WRONG_ANSWER
33040537,1512796561,101615C,OK
33040504,1512796394,101615C,OK
33040353,1512795699,101615C,COMPILATION_ERROR
33040092,1512794064,101615L,OK
33039897,1512793077,101615A,OK
33039891,1512793057,101615A,COMPILATION_ERROR
33039413,1512789551,101597H,OK
33033918,1512761793,101597H,WRONG_ANSWER
33033896,1512761750,101597H,MEMORY_LIMIT_EXCEEDED
33033781,1512761603,101597H,RUNTIME_ERROR
33033763,1512761570,101597H,RUNTIME_ERROR
33033639,1512761392,101597H,RUNTIME_ERROR
33033489,1512761117,101597H,RUNTIME_ERROR
33026389,1512746331,101597J,OK
33026347,1512746248,101597J,OK
33026229,1512745863,101597J,TIME_LIMIT_EXCEEDED
33026175,1512745728,101597J,TIME_LIMIT_EXCEEDED
33026093,1512745526,101597J,TIME_LIMIT_EXCEEDED
33026058,1512745454,101597J,WRONG_ANSWER
33026023,1512745355,101597J,OK
33025981,1512745271,101597J,TIME_LIMIT_EXCEEDED
33025609,1512744478,101597F,MEMORY_LIMIT_EXCEEDED
33024897,1512742737,101597A,WRONG_ANSWER
33024634,1512742200,101597J,OK
33023049,1512738245,101597D,OK
33022519,1512736836,101597B,OK
33021516,1512734043,101597A,WRONG_ANSWER
33021468,1512733933,101597A,TIME_LIMIT_EXCEEDED
33021453,1512733893,101597A,RUNTIME_ERROR
33021411,1512733809,101597A,OK
33021086,1512733090,101597A,WRONG_ANSWER
33020715,1512732377,101597A,WRONG_ANSWER
33019481,1512727694,101597C,OK
33019344,1512727228,101597E,OK
33019287,1512727053,101597K,OK
33019280,1512727013,101597K,WRONG_ANSWER
32994461,1512632178,101611I,OK
32993391,1512628677,101611F,OK
32993202,1512627864,101611H,OK
32992797,1512626317,101611F,WRONG_ANSWER
32992209,1512623761,101611C,OK
32992034,1512622951,101611C,WRONG_ANSWER
32991707,1512620988,101611G,OK
32991109,1512616907,101611D,OK
32991094,1512616852,101611D,WRONG_ANSWER
32990976,1512616102,101611A,OK
32783134,1511965502,101194C,OK
32783043,1511965285,101194C,OK
32782995,1511965145,101194C,WRONG_ANSWER
32782103,1511962810,101194A,TIME_LIMIT_EXCEEDED
32781614,1511961627,101194F,OK
32781411,1511961152,101194C,WRONG_ANSWER
32781066,1511960363,101194C,WRONG_ANSWER
32780524,1511959060,101194F,WRONG_ANSWER
32779261,1511955676,101194E,OK
32779191,1511955534,101194E,WRONG_ANSWER
32778189,1511952568,101194H,OK
32777871,1511951655,101194H,WRONG_ANSWER
32777650,1511950944,101194D,OK
32777543,1511950645,101194D,WRONG_ANSWER
32776956,1511948999,101194L,OK
32776496,1511947700,101194A,OK
32283575,1510575432,101612H,OK
32282689,1510573156,101612E,OK
32282506,1510572582,101612E,WRONG_ANSWER
32282488,1510572515,101612E,WRONG_ANSWER
32281261,1510568675,101612L,OK
32281248,1510568623,101612L,WRONG_ANSWER
32280891,1510567213,101612L,WRONG_ANSWER
32280829,1510566991,101612L,WRONG_ANSWER
32280161,1510564283,101612I,OK
32280085,1510563939,101612C,OK
32279777,1510562756,101612B,OK
32279766,1510562707,101612B,WRONG_ANSWER
32279548,1510561915,101612K,OK
32279363,1510561412,101612K,WRONG_ANSWER
32279120,1510560543,101612A,OK
32279101,1510560475,101612A,WRONG_ANSWER
32279031,1510560236,101612A,WRONG_ANSWER
32192351,1510312676,101137F,OK
32191457,1510310324,101137F,WRONG_ANSWER
32191417,1510310195,101137K,OK
32191177,1510309406,101137K,WRONG_ANSWER
32190867,1510308360,101137F,WRONG_ANSWER
32190773,1510307991,101137F,WRONG_ANSWER
32189787,1510304825,101137L,OK
32189757,1510304743,101137L,RUNTIME_ERROR
32189484,1510303998,101137G,OK
32189004,1510302268,101137B,OK
32188573,1510300818,101137A,OK
32151038,1510203030,101606A,OK
32139259,1510144187,101606K,WRONG_ANSWER
32139100,1510143799,101606K,WRONG_ANSWER
32138616,1510142700,101606L,OK
32138554,1510142534,101606L,WRONG_ANSWER
32137527,1510140127,101606E,OK
32137036,1510138849,101606E,WRONG_ANSWER
32136907,1510138463,101606A,OK
32136556,1510137419,101606A,WRONG_ANSWER
32136240,1510136382,101606A,WRONG_ANSWER
32136172,1510136142,101606B,OK
32135902,1510134717,101606E,WRONG_ANSWER
32135726,1510133083,101606D,OK
32135666,1510132602,101606F,OK
32135581,1510131949,101606A,WRONG_ANSWER
32135339,1510129898,101606C,OK
32135204,1510128912,101606I,OK
32135184,1510128789,101606J,OK
31972328,1509611746,101201B,TIME_LIMIT_EXCEEDED
31971510,1509609574,101201K,OK
31971357,1509609236,101201G,OK
31969781,1509604650,101201F,OK
31969496,1509603773,101201J,OK
31968791,1509601232,101201I,OK
31968551,1509600244,101201H,OK
31968372,1509599374,101201C,OK
31968333,1509599251,101201C,WRONG_ANSWER
31967793,1509597091,101201A,OK
31951395,1509542768,101485C,OK
31949457,1509539257,101485D,OK
31948472,1509537240,101485K,OK
31948318,1509536930,101485K,WRONG_ANSWER
31947895,1509536120,101485K,COMPILATION_ERROR
31947861,1509536062,101485K,COMPILATION_ERROR
31946085,1509532497,101485G,OK
31945934,1509532139,101485G,WRONG_ANSWER
31944648,1509529314,101485E,OK
31944493,1509528901,101485A,OK
31944134,1509528109,101485E,WRONG_ANSWER
31943749,1509527027,101485I,OK
31943639,1509526735,101485J,OK
31925395,1509462472,101550K,OK
31925376,1509462430,101550B,OK
31925209,1509462064,101550K,WRONG_ANSWER
31925108,1509461839,101550K,WRONG_ANSWER
31924764,1509461088,101550B,WRONG_ANSWER
31924263,1509460065,101550B,WRONG_ANSWER
31923190,1509457567,101550A,OK
31921755,1509454565,101550C,OK
31921022,1509453213,101550C,WRONG_ANSWER
31920923,1509452989,101550J,OK
31920903,1509452945,101550J,OK
31920621,1509452314,101550C,RUNTIME_ERROR
31920345,1509451649,101550C,RUNTIME_ERROR
31919506,1509449848,101550F,OK
31919369,1509449562,101550F,WRONG_ANSWER
31918544,1509448023,101550G,OK
31918133,1509447221,101550D,OK
31917962,1509446864,101550J,WRONG_ANSWER
31917577,1509446051,101550J,OK
31675627,1508837487,101572A,OK
31674815,1508835759,101572K,OK
31674419,1508835054,101572I,OK
31674331,1508834887,101572I,WRONG_ANSWER
31673801,1508833788,101572I,WRONG_ANSWER
31673539,1508833270,101572E,OK
31673473,1508833142,101572E,WRONG_ANSWER
31673327,1508832806,101572I,WRONG_ANSWER
31673025,1508832136,101572J,WRONG_ANSWER
31672510,1508830907,101572J,MEMORY_LIMIT_EXCEEDED
31671452,1508828267,101572D,OK
31671390,1508828083,101572G,OK
31671112,1508827364,101572G,WRONG_ANSWER
31670344,1508825018,101572B,OK
31670090,1508824168,101572J,OK
31381377,1508127284,862B,OK
31362261,1508066955,869B,OK
31362198,1508066884,869B,COMPILATION_ERROR
31362089,1508066712,869B,WRONG_ANSWER
31351004,1508058285,869A,OK
31350398,1508058111,869A,WRONG_ANSWER
31350050,1508058014,869A,WRONG_ANSWER
31336796,1508055319,859C,OK
31331501,1508051136,859B,OK
31331393,1508050834,859A,OK
31280171,1507912834,873D,OK
31279430,1507910820,873C,OK
31263770,1507862074,873B,OK
31263637,1507861504,873B,WRONG_ANSWER
31263424,1507860390,873A,OK
31208860,1507705445,859D,OK
31192590,1507645997,855E,OK
31192510,1507645796,855E,WRONG_ANSWER
31192367,1507645449,855E,WRONG_ANSWER
31192330,1507645367,855E,WRONG_ANSWER
31191383,1507643211,855E,WRONG_ANSWER
31185513,1507627472,869E,OK
31148101,1507476407,856A,OK
31147991,1507476058,856A,TIME_LIMIT_EXCEEDED
31147945,1507475905,856A,TIME_LIMIT_EXCEEDED
31147806,1507475524,856A,OK
31147777,1507475443,856A,TIME_LIMIT_EXCEEDED
31147659,1507475105,856A,WRONG_ANSWER
31147643,1507475066,858E,WRONG_ANSWER
31147582,1507474914,856A,WRONG_ANSWER
31147566,1507474867,856A,WRONG_ANSWER
31147498,1507474711,856A,WRONG_ANSWER
31147435,1507474565,856A,WRONG_ANSWER
31147315,1507474229,856A,RUNTIME_ERROR
31143052,1507463785,862D,OK
31141427,1507460375,853C,OK
31141389,1507460301,853C,WRONG_ANSWER
31141356,1507460201,853C,WRONG_ANSWER
31137456,1507451627,853C,TIME_LIMIT_EXCEEDED
31136793,1507449972,855C,OK
31136694,1507449749,855C,WRONG_ANSWER
31135912,1507447548,868D,OK
31135805,1507447305,868D,WRONG_ANSWER
31124089,1507397782,868D,MEMORY_LIMIT_EXCEEDED
31123521,1507396422,859E,OK
31123458,1507396270,859E,WRONG_ANSWER
31122903,1507395051,859E,WRONG_ANSWER
31121807,1507392823,865D,OK
31120575,1507390494,865B,OK
31119507,1507388464,865B,WRONG_ANSWER
31119073,1507387710,865B,WRONG_ANSWER
31118940,1507387459,865B,WRONG_ANSWER
31118447,1507386530,865B,WRONG_ANSWER
31108342,1507368665,863E,OK
31106595,1507365851,863E,WRONG_ANSWER
31106443,1507365616,863E,WRONG_ANSWER
31089472,1507312817,863C,OK
31089459,1507312789,863C,OK
31089436,1507312744,863C,WRONG_ANSWER
31089263,1507312236,863C,WRONG_ANSWER
31088052,1507309998,853C,TIME_LIMIT_EXCEEDED
31087848,1507309673,853C,TIME_LIMIT_EXCEEDED
31087806,1507309621,853C,TIME_LIMIT_EXCEEDED
31087693,1507309471,863D,OK
31087362,1507308920,853C,WRONG_ANSWER
31087190,1507308716,852G,OK
31085634,1507307183,852G,WRONG_ANSWER
31085309,1507305210,853C,TIME_LIMIT_EXCEEDED
31006497,1507173597,852B,OK
31006488,1507173535,852B,RUNTIME_ERROR
30975728,1507055543,850C,OK
30975268,1507054341,850C,WRONG_ANSWER
30940768,1506943124,852A,WRONG_ANSWER
30940763,1506943103,852A,WRONG_ANSWER
30940754,1506943087,852A,WRONG_ANSWER
30940745,1506943065,852A,WRONG_ANSWER
30940731,1506943023,852A,WRONG_ANSWER
30940702,1506942959,852A,WRONG_ANSWER
30940673,1506942903,852A,WRONG_ANSWER
30940654,1506942834,852A,WRONG_ANSWER
30940628,1506942761,852A,WRONG_ANSWER
30940512,1506942403,852A,WRONG_ANSWER
30940495,1506942341,850C,WRONG_ANSWER
30940439,1506942188,852A,WRONG_ANSWER
30940335,1506941873,852A,WRONG_ANSWER
30940316,1506941830,852A,WRONG_ANSWER
30940309,1506941803,852A,WRONG_ANSWER
30940285,1506941724,852A,WRONG_ANSWER
30939937,1506940794,852A,WRONG_ANSWER
30939925,1506940769,852A,WRONG_ANSWER
30939901,1506940707,852A,WRONG_ANSWER
30939617,1506939723,852A,WRONG_ANSWER
30728241,1506348970,864C,OK
30728210,1506348949,864B,OK
30717027,1506340570,864D,OK
30713938,1506339356,864C,OK
30711880,1506338613,864C,SKIPPED
30707072,1506337167,864B,OK
30706099,1506336920,864B,SKIPPED
30702921,1506336258,864A,OK
26222483,1491666326,592E,OK
26222453,1491666182,592E,OK
25814879,1490519125,786B,OK
25814841,1490519009,786B,WRONG_ANSWER
25814808,1490518911,786B,RUNTIME_ERROR
25802563,1490461404,787C,OK
25759744,1490309900,787B,OK
25750828,1490288214,787E,TIME_LIMIT_EXCEEDED
25749658,1490287529,787E,TIME_LIMIT_EXCEEDED
25749113,1490287207,787E,TIME_LIMIT_EXCEEDED
25738994,1490282576,787B,WRONG_ANSWER
25736644,1490281752,787A,OK
25632957,1489888857,791C,OK
25632902,1489888538,791C,WRONG_ANSWER
25632894,1489888491,791C,COMPILATION_ERROR
25632886,1489888471,791A,OK
25632885,1489888454,791B,OK
25528837,1489602013,785C,OK
25528742,1489601947,785C,WRONG_ANSWER
25524704,1489596970,785C,WRONG_ANSWER
25523062,1489596165,785C,WRONG_ANSWER
25522188,1489595820,785C,WRONG_ANSWER
25515591,1489593452,785C,WRONG_ANSWER
25513589,1489592837,785C,WRONG_ANSWER
25506859,1489591123,785B,OK
25502770,1489590539,785A,OK
25398880,1489221059,781D,OK
25398703,1489220636,781D,RUNTIME_ERROR
25342728,1488981257,782B,OK
25342718,1488981220,782B,OK
25342621,1488980952,782B,WRONG_ANSWER
25339456,1488971252,782A,OK
25322424,1488894737,781C,OK
25322384,1488894639,781C,WRONG_ANSWER
25322201,1488894067,781C,WRONG_ANSWER
25297489,1488818057,782D,OK
25297450,1488817969,782D,OK
25295163,1488811182,781B,WRONG_ANSWER
25287752,1488794017,781A,OK
25218026,1488639867,767B,OK
25217917,1488639669,767B,WRONG_ANSWER
25217746,1488639358,767B,WRONG_ANSWER
25217632,1488639135,767B,WRONG_ANSWER
25217537,1488638970,767B,WRONG_ANSWER
25217455,1488638815,767B,WRONG_ANSWER
25217206,1488638363,767B,OK
25217161,1488638292,767B,WRONG_ANSWER
25217131,1488638227,767B,WRONG_ANSWER
25217098,1488638185,767C,WRONG_ANSWER
25216969,1488637941,767B,WRONG_ANSWER
25216886,1488637781,767B,WRONG_ANSWER
25216727,1488637494,767B,WRONG_ANSWER
25216678,1488637427,767B,WRONG_ANSWER
25216018,1488636363,767B,WRONG_ANSWER
25215956,1488636259,767B,WRONG_ANSWER
25215833,1488636112,767B,OK
25215540,1488635725,767B,WRONG_ANSWER
25215267,1488635321,767B,WRONG_ANSWER
25215147,1488635158,767B,WRONG_ANSWER
25214155,1488633786,767A,OK
25214040,1488633618,767B,WRONG_ANSWER
25213886,1488633400,767B,WRONG_ANSWER
25213764,1488633249,767A,WRONG_ANSWER
25213384,1488632709,767A,OK
25212979,1488632221,767A,OK
25212964,1488632205,767A,WRONG_ANSWER
25022323,1488052424,777E,OK
25022302,1488052328,777E,WRONG_ANSWER
25022262,1488052196,777E,WRONG_ANSWER
25022256,1488052185,777E,WRONG_ANSWER
25022121,1488051818,777E,WRONG_ANSWER
25022092,1488051735,777E,WRONG_ANSWER
25021995,1488051416,777E,WRONG_ANSWER
25019784,1488046219,777D,OK
25019305,1488044541,777C,OK
25019214,1488044254,777C,WRONG_ANSWER
25019201,1488044213,777C,OK
25019116,1488043940,777C,WRONG_ANSWER
24978202,1487937698,777C,WRONG_ANSWER
24976699,1487937043,777C,WRONG_ANSWER
24975347,1487936443,777C,RUNTIME_ERROR
24967290,1487933008,777B,OK
24966445,1487932702,777B,WRONG_ANSWER
24962505,1487931438,777A,OK
24949951,1487889780,776D,WRONG_ANSWER
24949852,1487889204,776D,WRONG_ANSWER
24949762,1487888692,776D,WRONG_ANSWER
24943599,1487872749,776D,WRONG_ANSWER
24943485,1487872631,776D,WRONG_ANSWER
24939170,1487867914,776D,WRONG_ANSWER
24939137,1487867901,776D,SKIPPED
24939124,1487867895,776D,COMPILATION_ERROR
24930331,1487863951,776C,OK
24930012,1487863807,776C,RUNTIME_ERROR
24929031,1487863520,776C,CHALLENGED
24923724,1487862297,776B,OK
24923038,1487862169,776B,WRONG_ANSWER
24918952,1487861499,776A,OK
23721727,1484151049,754A,WRONG_ANSWER
17059805,1459366469,659F,TIME_LIMIT_EXCEEDED
17059569,1459366233,659F,OK
17059499,1459366152,659F,WRONG_ANSWER
17059420,1459366086,659F,WRONG_ANSWER
17059307,1459365986,659F,WRONG_ANSWER
17059023,1459365783,659F,WRONG_ANSWER
17057845,1459362576,659F,WRONG_ANSWER
17057232,1459362217,659F,WRONG_ANSWER
17057150,1459362169,659F,WRONG_ANSWER
17057080,1459362121,659F,WRONG_ANSWER
17054556,1459360521,659F,WRONG_ANSWER
17054039,1459360208,659F,WRONG_ANSWER
17053663,1459360008,659F,WRONG_ANSWER
17049166,1459357767,659E,OK
17048013,1459357316,659E,WRONG_ANSWER
17045114,1459356239,659D,OK
17041637,1459355163,659C,OK
17040347,1459354795,659B,OK
17037525,1459354127,659A,OK
17003135,1459188154,658C,OK
17002891,1459188035,658C,WRONG_ANSWER
17002610,1459187895,658C,WRONG_ANSWER
17002094,1459187652,658C,WRONG_ANSWER
17000997,1459187140,658C,WRONG_ANSWER
16993434,1459184118,658B,OK
16991318,1459183481,658A,OK
16942971,1458961913,652A,OK
16928792,1458915607,652C,WRONG_ANSWER
16923802,1458912041,652B,OK
16922920,1458911584,652A,CHALLENGED
16647325,1457695933,536B,OK
16647301,1457695832,536B,WRONG_ANSWER
16644282,1457680802,536A,OK
16643925,1457679038,536A,WRONG_ANSWER
16642685,1457670882,651A,OK
16642673,1457670699,651A,TIME_LIMIT_EXCEEDED
16633939,1457618798,650C,OK
16633906,1457618656,650C,OK
16633862,1457618495,650C,WRONG_ANSWER
16633839,1457618424,650C,WRONG_ANSWER
16633821,1457618353,650C,WRONG_ANSWER
16633789,1457618206,650C,WRONG_ANSWER
16633739,1457618062,650C,TIME_LIMIT_EXCEEDED
16633727,1457618026,650C,WRONG_ANSWER
16633688,1457617899,650C,TIME_LIMIT_EXCEEDED
16633647,1457617797,650C,WRONG_ANSWER
16633594,1457617613,650C,TIME_LIMIT_EXCEEDED
16633535,1457617406,650C,TIME_LIMIT_EXCEEDED
16633516,1457617344,650C,TIME_LIMIT_EXCEEDED
16633494,1457617265,650C,TIME_LIMIT_EXCEEDED
16630690,1457606507,650C,WRONG_ANSWER
16630687,1457606481,650C,MEMORY_LIMIT_EXCEEDED
16630646,1457606347,650C,WRONG_ANSWER
16630624,1457606273,650C,RUNTIME_ERROR
16618761,1457534408,650B,OK
16618726,1457534299,650B,OK
16618705,1457534249,650B,WRONG_ANSWER
16618690,1457534221,650B,WRONG_ANSWER
16618584,1457533908,650B,WRONG_ANSWER
16618560,1457533841,650B,WRONG_ANSWER
16618522,1457533747,650B,WRONG_ANSWER
16618487,1457533657,650B,WRONG_ANSWER
16618158,1457532569,650B,WRONG_ANSWER
16618148,1457532536,650B,WRONG_ANSWER
16618015,1457532138,650B,WRONG_ANSWER
16617942,1457531895,650B,WRONG_ANSWER
16617930,1457531837,650B,WRONG_ANSWER
16617803,1457531420,650B,WRONG_ANSWER
16613324,1457512854,650B,WRONG_ANSWER
16613307,1457512744,650B,WRONG_ANSWER
16613169,1457511911,650B,WRONG_ANSWER
16612223,1457505318,650A,OK
16248860,1455996652,629D,OK
16248821,1455996577,629D,WRONG_ANSWER
16248576,1455996174,629D,WRONG_ANSWER
16248565,1455996148,629D,WRONG_ANSWER
16248540,1455996112,629D,WRONG_ANSWER
16248485,1455996048,629D,WRONG_ANSWER
16248342,1455995868,629C,OK
16248313,1455995819,629C,WRONG_ANSWER
16248244,1455995739,629C,WRONG_ANSWER
16248121,1455995577,629D,WRONG_ANSWER
16247676,1455995126,629D,WRONG_ANSWER
16247555,1455995028,629D,COMPILATION_ERROR
16240931,1455989210,629C,WRONG_ANSWER
16235055,1455986842,629B,OK
16233170,1455986418,629A,OK
16206181,1455896142,628C,OK
16205164,1455895511,628B,OK
16203127,1455894356,628A,OK
16200252,1455886089,625C,OK
16199763,1455884807,625B,OK
15956957,1455198169,625A,OK
15956900,1455198059,625A,WRONG_ANSWER
15956824,1455197841,625A,OK
15956776,1455197659,625A,WRONG_ANSWER
15956375,1455196218,625A,WRONG_ANSWER
15956357,1455196129,625A,WRONG_ANSWER
15956324,1455195982,625A,WRONG_ANSWER
15956300,1455195850,625A,WRONG_ANSWER
15956298,1455195826,625A,WRONG_ANSWER
15956182,1455195442,625A,WRONG_ANSWER
15956174,1455195422,625A,COMPILATION_ERROR
15956124,1455195209,625A,WRONG_ANSWER
15956108,1455195139,625A,WRONG_ANSWER
15956032,1455194761,625A,WRONG_ANSWER
15955985,1455194579,625A,WRONG_ANSWER
15955954,1455194477,625A,WRONG_ANSWER
15950290,1455165388,600D,WRONG_ANSWER
15950272,1455165245,600D,WRONG_ANSWER
15941667,1455122194,622E,OK
15939500,1455120678,622D,OK
15936965,1455119193,622D,WRONG_ANSWER
15935968,1455118670,622C,OK
15931700,1455116886,622B,OK
15931214,1455116677,622A,OK
15837826,1454741399,621D,OK
15837801,1454741271,621D,WRONG_ANSWER
15837784,1454741155,621D,WRONG_ANSWER
15773069,1454516449,621C,OK
15773023,1454516253,621C,OK
15772996,1454516169,621C,WRONG_ANSWER
15772991,1454516130,621C,WRONG_ANSWER
15772987,1454516118,621C,WRONG_ANSWER
15772970,1454516085,621C,WRONG_ANSWER
15772915,1454515893,621C,WRONG_ANSWER
15772785,1454515410,621C,WRONG_ANSWER
15772246,1454513586,621C,WRONG_ANSWER
15772221,1454513499,621C,WRONG_ANSWER
15772196,1454513442,621C,WRONG_ANSWER
15771892,1454512698,621C,WRONG_ANSWER
15770237,1454508823,621B,OK
15770038,1454508321,621A,OK
15492444,1453446157,620E,OK
15492424,1453446102,620E,WRONG_ANSWER
15481927,1453395030,620D,OK
15481560,1453394711,620D,WRONG_ANSWER
15481417,1453394582,620D,WRONG_ANSWER
15480495,1453393820,620D,WRONG_ANSWER
15480328,1453393673,620D,WRONG_ANSWER
15480207,1453393573,620D,WRONG_ANSWER
15479916,1453393339,620D,WRONG_ANSWER
15479757,1453393217,620D,WRONG_ANSWER
15479730,1453393191,620D,WRONG_ANSWER
15479677,1453393144,620D,WRONG_ANSWER
15479471,1453392994,620D,WRONG_ANSWER
15479203,1453392788,620D,WRONG_ANSWER
15479041,1453392652,620D,WRONG_ANSWER
15473854,1453389619,620C,OK
15473653,1453389544,620C,WRONG_ANSWER
15471763,1453388923,620B,OK
15470709,1453388630,620A,OK
15448653,1453270811,437D,OK
14518704,1448640114,600D,WRONG_ANSWER
14518114,1448639717,600C,OK
14517804,1448639539,600C,WRONG_ANSWER
14517447,1448639315,600C,WRONG_ANSWER
14515883,1448638396,600B,OK
14515138,1448637971,600A,OK
14514849,1448637804,600A,WRONG_ANSWER
14457465,1448394148,602D,TIME_LIMIT_EXCEEDED
14453816,1448388024,602D,TIME_LIMIT_EXCEEDED
14453737,1448387975,602D,COMPILATION_ERROR
14453651,1448387925,602D,WRONG_ANSWER
14449023,1448385294,602C,OK
14446898,1448384323,602B,OK
14443193,1448383178,602A,OK
14102379,1446802272,575F,WRONG_ANSWER
14102367,1446802234,575F,WRONG_ANSWER
14102309,1446802033,575F,WRONG_ANSWER
14102158,1446801580,575F,OK
14101880,1446800721,575F,WRONG_ANSWER
14101520,1446799619,575B,WRONG_ANSWER
14101457,1446799375,575F,WRONG_ANSWER
14101411,1446799198,575F,WRONG_ANSWER
14101342,1446799021,575B,WRONG_ANSWER
14100769,1446795623,575F,WRONG_ANSWER
14100704,1446795287,575F,WRONG_ANSWER
14100128,1446791682,575H,OK
14100119,1446791644,575H,RUNTIME_ERROR
14099962,1446790187,575F,WRONG_ANSWER
14099409,1446785957,575D,OK
14088915,1446727134,485C,OK
14088860,1446726875,485C,WRONG_ANSWER
14088688,1446726316,485C,TIME_LIMIT_EXCEEDED
14088618,1446726090,485C,WRONG_ANSWER
14088581,1446725972,485C,WRONG_ANSWER
14088122,1446724534,485C,WRONG_ANSWER
14087970,1446724118,485C,WRONG_ANSWER
14087951,1446724046,485C,WRONG_ANSWER
14087727,1446723381,485D,OK
14087658,1446723198,485D,TIME_LIMIT_EXCEEDED
14087628,1446723099,485D,TIME_LIMIT_EXCEEDED
14087596,1446723028,485D,RUNTIME_ERROR
14087249,1446721856,485C,WRONG_ANSWER
14087151,1446721507,485C,WRONG_ANSWER
14086576,1446719366,485B,OK
14086477,1446719003,485A,OK
14086430,1446718866,485A,WRONG_ANSWER
14080101,1446685640,592E,OK
14080048,1446685152,592E,OK
14076516,1446666393,592E,WRONG_ANSWER
14076481,1446666311,592E,WRONG_ANSWER
14076422,1446666157,592E,WRONG_ANSWER
14065812,1446656552,593B,OK
14064756,1446656018,593A,OK
14064177,1446655472,592E,WRONG_ANSWER
14064160,1446655252,592E,WRONG_ANSWER
14064113,1446654920,592E,WRONG_ANSWER
14057880,1446642466,592E,WRONG_ANSWER
14057351,1446640747,592E,WRONG_ANSWER
14057324,1446640646,592E,WRONG_ANSWER
14052740,1446622257,592E,WRONG_ANSWER
14052442,1446620171,592E,WRONG_ANSWER
14052439,1446620125,592E,WRONG_ANSWER
14052433,1446620087,592E,WRONG_ANSWER
14052423,1446620030,592E,WRONG_ANSWER
14028583,1446474048,483E,OK
14028567,1446473965,483E,WRONG_ANSWER
14028542,1446473841,483E,WRONG_ANSWER
14027980,1446471920,483E,OK
14020581,1446458839,592D,OK
14020520,1446458515,592D,WRONG_ANSWER
14020505,1446458433,592D,WRONG_ANSWER
14020486,1446458282,592D,WRONG_ANSWER
14020469,1446458184,592D,WRONG_ANSWER
14020385,1446457742,592D,WRONG_ANSWER
14020359,1446457589,592D,WRONG_ANSWER
14020341,1446457465,592D,WRONG_ANSWER
14020215,1446456652,592D,WRONG_ANSWER
14019779,1446454310,592D,WRONG_ANSWER
14019650,1446453619,592D,WRONG_ANSWER
13997258,1446336288,592C,OK
13990321,1446315480,592C,WRONG_ANSWER
13986260,1446313661,592C,WRONG_ANSWER
13977510,1446310382,592B,OK
13975402,1446309793,592A,OK
13971134,1446297049,483D,OK
13970694,1446295179,483C,OK
13970475,1446294254,483B,OK
13970459,1446294194,483B,TIME_LIMIT_EXCEEDED
13970214,1446293153,483A,OK
13869201,1445851260,586E,OK
13869186,1445851197,586E,WRONG_ANSWER
13866322,1445835684,591E,OK
13864221,1445815819,591D,OK
13864208,1445815727,591D,WRONG_ANSWER
13864192,1445815609,591D,TIME_LIMIT_EXCEEDED
13864186,1445815549,591D,TIME_LIMIT_EXCEEDED
13864178,1445815490,591D,TIME_LIMIT_EXCEEDED
13864168,1445815439,591D,WRONG_ANSWER
13864161,1445815361,591D,TIME_LIMIT_EXCEEDED
13864144,1445815269,591D,TIME_LIMIT_EXCEEDED
13864135,1445815214,591D,WRONG_ANSWER
13864131,1445815179,591D,WRONG_ANSWER
13852085,1445770756,591D,WRONG_ANSWER
13851648,1445770703,591D,WRONG_ANSWER
13847322,1445768393,591C,OK
13846785,1445768109,591C,WRONG_ANSWER
13843560,1445766462,591C,WRONG_ANSWER
13843252,1445766324,591C,WRONG_ANSWER
13840958,1445765270,591B,OK
13839540,1445764775,591B,TIME_LIMIT_EXCEEDED
13838778,1445764523,591B,TIME_LIMIT_EXCEEDED
13838414,1445764414,591B,COMPILATION_ERROR
13836174,1445763847,591A,OK
13576416,1444662900,586C,OK
13576319,1444662756,586C,WRONG_ANSWER
13576215,1444662611,586C,WRONG_ANSWER
13576184,1444662567,586C,WRONG_ANSWER
13575580,1444661697,586C,WRONG_ANSWER
13567974,1444645995,586D,OK
13564511,1444644295,586C,WRONG_ANSWER
13562535,1444643440,586B,OK
13558922,1444642097,586A,OK
13549193,1444583698,584E,OK
13549146,1444583463,584E,WRONG_ANSWER
13454874,1444154767,584D,OK
13454705,1444154693,584D,WRONG_ANSWER
13454542,1444154631,584D,WRONG_ANSWER
13451454,1444153452,584C,OK
13451003,1444153288,584C,WRONG_ANSWER
13450094,1444152966,584C,WRONG_ANSWER
13449565,1444152782,584C,WRONG_ANSWER
13447448,1444152044,584C,WRONG_ANSWER
13441527,1444150298,584B,OK
13436556,1444149365,584A,OK
12708872,1440597716,572D,OK
12708482,1440595878,572D,WRONG_ANSWER
12708441,1440595698,572D,WRONG_ANSWER
12708392,1440595459,572D,WRONG_ANSWER
12708350,1440595294,572D,WRONG_ANSWER
12706114,1440583531,572C,OK
12670698,1440319936,572B,OK
12670691,1440319904,572B,WRONG_ANSWER
12670673,1440319821,572B,WRONG_ANSWER
12670666,1440319787,572B,WRONG_ANSWER
12670556,1440319154,572B,WRONG_ANSWER
12670553,1440319130,572B,WRONG_ANSWER
12670467,1440318730,572B,WRONG_ANSWER
12670234,1440317435,572B,WRONG_ANSWER
12670115,1440316816,572B,WRONG_ANSWER
12670057,1440316540,572B,WRONG_ANSWER
12670048,1440316501,572B,WRONG_ANSWER
12669750,1440314931,572A,OK
12576901,1439823654,570E,OK
12576891,1439823588,570E,COMPILATION_ERROR
12576887,1439823569,570E,COMPILATION_ERROR
12576872,1439823488,570E,WRONG_ANSWER
12576842,1439823293,570E,WRONG_ANSWER
12575270,1439815392,570D,OK
12575232,1439815238,570D,RUNTIME_ERROR
12575222,1439815205,570D,WRONG_ANSWER
12575209,1439815140,570D,WRONG_ANSWER
12575193,1439815060,570D,WRONG_ANSWER
12543052,1439624609,551C,OK
12543041,1439624576,551C,TIME_LIMIT_EXCEEDED
12543022,1439624523,551C,TIME_LIMIT_EXCEEDED
12542950,1439624261,551C,WRONG_ANSWER
12542890,1439624074,551C,WRONG_ANSWER
12542207,1439621767,551B,OK
12542193,1439621711,551B,TIME_LIMIT_EXCEEDED
12542177,1439621674,551B,WRONG_ANSWER
12542072,1439621232,551B,WRONG_ANSWER
12541869,1439620482,551B,WRONG_ANSWER
12541474,1439618934,551A,OK
12505607,1439486251,570B,OK
12501566,1439485094,570C,OK
12497295,1439484199,570B,CHALLENGED
12495499,1439483869,570A,OK
12459829,1439255773,568A,OK
12459020,1439245420,568A,OK
12459016,1439245330,568A,OK
12458973,1439244688,568A,WRONG_ANSWER
12458818,1439243303,568B,WRONG_ANSWER
12458633,1439241685,568A,WRONG_ANSWER
12458527,1439240859,568A,WRONG_ANSWER
12458520,1439240829,568A,TIME_LIMIT_EXCEEDED
12458468,1439240548,568A,WRONG_ANSWER
12458453,1439240469,568A,WRONG_ANSWER
12458408,1439240124,568A,WRONG_ANSWER
12458369,1439239842,568A,WRONG_ANSWER
12458352,1439239682,568A,WRONG_ANSWER
12458337,1439239624,568A,WRONG_ANSWER
12458333,1439239603,568A,WRONG_ANSWER
12198423,1437646803,560A,OK
12198416,1437646720,560B,OK
12195968,1437637118,560B,OK
12195898,1437636953,560B,WRONG_ANSWER
12178164,1437578566,560D,OK
12177461,1437578188,560D,WRONG_ANSWER
12171463,1437575646,560C,OK
12167624,1437574560,560B,OK
12165472,1437574035,560A,OK
12132610,1437407976,552E,WRONG_ANSWER
12132268,1437405963,552D,OK
12132243,1437405788,552D,RUNTIME_ERROR
12132048,1437404712,552D,WRONG_ANSWER
12132034,1437404647,552D,WRONG_ANSWER
12131776,1437403329,552C,OK
12131551,1437402053,552B,OK
12131492,1437401651,552A,OK
12107288,1437231116,558D,OK
12107271,1437231007,558D,WRONG_ANSWER
12107262,1437230942,558D,WRONG_ANSWER
12107227,1437230659,558D,OK
12107067,1437229884,558D,WRONG_ANSWER
12107031,1437229638,558D,WRONG_ANSWER
12106975,1437229224,558D,WRONG_ANSWER
12097481,1437151664,558C,OK
12097461,1437151549,558C,RUNTIME_ERROR
12097451,1437151489,558C,WRONG_ANSWER
12097440,1437151395,558C,WRONG_ANSWER
12097437,1437151366,558C,WRONG_ANSWER
12097411,1437151205,558C,WRONG_ANSWER
12097361,1437150854,558C,WRONG_ANSWER
12097337,1437150667,558C,WRONG_ANSWER
12097333,1437150617,558C,WRONG_ANSWER
12097306,1437150439,558C,RUNTIME_ERROR
12097211,1437149655,558C,RUNTIME_ERROR
12096880,1437147074,558B,OK
12096794,1437146553,558A,OK
7434186,1407843208,1C,OK
7434155,1407843042,1C,WRONG_ANSWER
7434075,1407842194,1C,WRONG_ANSWER
7434030,1407841568,1C,WRONG_ANSWER
7434018,1407841487,1C,WRONG_ANSWER
7433388,1407832994,1C,WRONG_ANSWER
7433379,1407832923,1C,WRONG_ANSWER
7433288,1407831803,1C,WRONG_ANSWER
7433266,1407831575,1C,WRONG_ANSWER
7432858,1407827148,3A,OK
7432842,1407826933,3A,WRONG_ANSWER
7432833,1407826831,3A,WRONG_ANSWER
7401260,1407561800,456C,OK
7384162,1407513896,456C,WRONG_ANSWER
7381142,1407512985,456B,OK
7378904,1407512437,456A,OK
7374316,1407483764,2B,OK
7374287,1407483500,2B,WRONG_ANSWER
7374279,1407483457,2B,WRONG_ANSWER
7374018,1407481140,2A,OK
7373941,1407480488,2A,WRONG_ANSWER
7373933,1407480448,2A,WRONG_ANSWER
7373924,1407480385,2A,WRONG_ANSWER
7373911,1407480267,2A,WRONG_ANSWER
7373885,1407480035,2A,WRONG_ANSWER
7373880,1407479972,2A,WRONG_ANSWER
7373820,1407479523,2A,WRONG_ANSWER
7373559,1407477326,1B,OK
7373543,1407477242,1B,OK
7373458,1407476457,1B,WRONG_ANSWER
7373439,1407476232,1B,WRONG_ANSWER
7373427,1407476122,1B,WRONG_ANSWER
7373410,1407475966,1B,WRONG_ANSWER
7373393,1407475781,1B,WRONG_ANSWER
7373380,1407475587,1B,WRONG_ANSWER
7373333,1407475032,1B,WRONG_ANSWER
7373309,1407474741,1B,WRONG_ANSWER
7357335,1407298584,1B,WRONG_ANSWER
7357311,1407298170,1B,WRONG_ANSWER
7357301,1407297999,1B,WRONG_ANSWER
7356911,1407293740,1B,WRONG_ANSWER
7356878,1407293532,1B,WRONG_ANSWER
7356836,1407293231,1B,WRONG_ANSWER
7356812,1407293059,1B,WRONG_ANSWER
7356806,1407292933,1B,WRONG_ANSWER
7354051,1407256357,1B,WRONG_ANSWER
7354000,1407255842,1B,WRONG_ANSWER
7353978,1407255551,1B,WRONG_ANSWER
7353918,1407254796,1B,WRONG_ANSWER
7350325,1407225824,1B,WRONG_ANSWER
7350011,1407223206,1A,OK
7344599,1407154444,454D,WRONG_ANSWER
7344560,1407154244,454D,OK
7344302,1407151798,454D,WRONG_ANSWER
7344287,1407151689,454D,WRONG_ANSWER
7344228,1407151098,454D,WRONG_ANSWER
7320825,1406917160,454D,TIME_LIMIT_EXCEEDED
7320753,1406917043,454D,WRONG_ANSWER
7320716,1406916983,454B,OK
7315614,1406910696,454C,OK
7311553,1406908309,454B,WRONG_ANSWER
7309395,1406907534,454A,OK
7273342,1406515187,452B,OK
7273324,1406515052,452B,WRONG_ANSWER
7273292,1406514863,452B,WRONG_ANSWER
7273284,1406514818,452B,WRONG_ANSWER
7273269,1406514732,452B,WRONG_ANSWER
7273256,1406514574,452B,WRONG_ANSWER
7273234,1406514394,452B,WRONG_ANSWER
7273232,1406514358,452B,COMPILATION_ERROR
7273220,1406514272,452B,WRONG_ANSWER
7273205,1406514143,452B,WRONG_ANSWER
7273163,1406513695,452B,WRONG_ANSWER
7271674,1406493167,452D,OK
7271664,1406493112,452D,RUNTIME_ERROR
7271528,1406492346,452D,RUNTIME_ERROR
7271456,1406492012,452D,RUNTIME_ERROR
7271448,1406491983,452D,WRONG_ANSWER
7271315,1406491430,452D,RUNTIME_ERROR
7271221,1406491115,452D,TIME_LIMIT_EXCEEDED
7271141,1406490933,452D,RUNTIME_ERROR
7271119,1406490871,452D,RUNTIME_ERROR
7270282,1406489226,452D,WRONG_ANSWER
7268484,1406487269,452B,WRONG_ANSWER
7267145,1406485782,452B,WRONG_ANSWER
7266889,1406485523,452B,WRONG_ANSWER
7265360,1406484163,452B,WRONG_ANSWER
7265116,1406483983,452B,WRONG_ANSWER
7264600,1406483616,452B,WRONG_ANSWER
7263165,1406482668,452B,WRONG_ANSWER
7262723,1406482409,452B,WRONG_ANSWER
7260839,1406481424,452A,OK
7251252,1406389068,447E,OK
7251242,1406388982,447E,WRONG_ANSWER
7251213,1406388760,447E,WRONG_ANSWER
7251179,1406388565,447E,WRONG_ANSWER
7251153,1406388330,447E,WRONG_ANSWER
7251141,1406388225,447E,WRONG_ANSWER
7251106,1406387947,447E,WRONG_ANSWER
7251091,1406387806,447E,WRONG_ANSWER
7248741,1406367513,447E,WRONG_ANSWER
7248725,1406367429,447E,WRONG_ANSWER
7248155,1406362590,447E,WRONG_ANSWER
7248139,1406362514,447E,WRONG_ANSWER
7247979,1406361075,447E,WRONG_ANSWER
7237395,1406258401,451D,OK
7237381,1406258320,451D,WRONG_ANSWER
7237374,1406258270,451D,WRONG_ANSWER
7237366,1406258214,451D,RUNTIME_ERROR
7237361,1406258158,451D,RUNTIME_ERROR
7236497,1406251380,451C,OK
7236492,1406251347,451C,OK
7236478,1406251238,451C,WRONG_ANSWER
7236459,1406251020,451C,WRONG_ANSWER
7236449,1406250942,451C,WRONG_ANSWER
7236418,1406250688,451C,WRONG_ANSWER
7236401,1406250564,451C,WRONG_ANSWER
7232012,1406222681,451C,WRONG_ANSWER
7227631,1406219872,451B,OK
7227195,1406219636,451B,WRONG_ANSWER
7227047,1406219545,451B,WRONG_ANSWER
7225956,1406219018,451B,WRONG_ANSWER
7223830,1406218002,451A,OK
7171320,1405780791,450C,OK
7169025,1405779639,450C,WRONG_ANSWER
7166741,1405778441,450B,OK
7163632,1405777047,450B,WRONG_ANSWER
7159144,1405775465,450A,OK
7102501,1405354781,447D,OK
7102484,1405354633,447D,RUNTIME_ERROR
7102470,1405354487,447D,WRONG_ANSWER
7099667,1405335380,447C,OK
7099653,1405335256,447C,WRONG_ANSWER
7099635,1405335120,447C,WRONG_ANSWER
7094466,1405283841,447C,WRONG_ANSWER
7093036,1405271272,447C,WRONG_ANSWER
7092932,1405270768,447C,WRONG_ANSWER
7092890,1405270610,447C,WRONG_ANSWER
7092771,1405270128,447C,WRONG_ANSWER
7092657,1405269755,447C,WRONG_ANSWER
7092597,1405269576,447C,WRONG_ANSWER
7092515,1405269365,447C,WRONG_ANSWER
7092113,1405268223,447C,WRONG_ANSWER
7091956,1405267826,447C,WRONG_ANSWER
7091891,1405267665,447C,WRONG_ANSWER
7091867,1405267590,447C,WRONG_ANSWER
7090247,1405263565,447D,WRONG_ANSWER
7088134,1405262528,447D,WRONG_ANSWER
7087777,1405262332,447D,WRONG_ANSWER
7084221,1405260327,447C,WRONG_ANSWER
7083769,1405260094,447C,WRONG_ANSWER
7080683,1405258601,447B,OK
7076710,1405257163,447A,OK
7075857,1405256961,447A,WRONG_ANSWER
7075621,1405256896,447A,WRONG_ANSWER
6771450,1401632572,437C,OK
6770214,1401631250,437B,OK
6768581,1401629685,437A,OK
6768184,1401629383,437A,WRONG_ANSWER
6116426,1395509344,405D,OK
6115802,1395508951,405C,TIME_LIMIT_EXCEEDED
6111187,1395505100,405B,OK
6106642,1395502484,405A,OK
5884169,1391446867,389C,OK
5880175,1391444514,389B,OK
