54681641,1558887722,1168B,OK
54680411,1558887329,1168B,WRONG_ANSWER
54674149,1558885824,1168A,OK
54570102,1558723577,102007I,OK
54569891,1558723168,102007I,WRONG_ANSWER
54569600,1558722551,102007I,TIME_LIMIT_EXCEEDED
54569100,1558721472,102007I,RUNTIME_ERROR
54568990,1558721269,102007I,MEMORY_LIMIT_EXCEEDED
54567019,1558717368,102007K,OK
54566931,1558717208,102007K,TIME_LIMIT_EXCEEDED
54565900,1558715099,102007K,RUNTIME_ERROR
54565807,1558714925,102007K,RUNTIME_ERROR
54564941,1558713165,102007B,OK
54564854,1558713006,102007B,WRONG_ANSWER
54564560,1558712453,102007G,OK
54563975,1558711426,102007C,OK
54563952,1558711387,102007C,COMPILATION_ERROR
54563656,1558710862,102007B,WRONG_ANSWER
54563120,1558709841,102007J,OK
54562338,1558708423,102007F,OK
54562175,1558708164,102007F,WRONG_ANSWER
54561133,1558706376,102007A,OK
54464051,1558473113,1166D,OK
54463915,1558472659,1166D,WRONG_ANSWER
54463723,1558471953,1166D,WRONG_ANSWER
54463055,1558469761,1166E,OK
54462711,1558468630,1166E,WRONG_ANSWER
54462488,1558467899,1166C,OK
54462062,1558466844,1166B,OK
54461917,1558466495,1166A,OK
51305309,1552581000,1136E,OK
51304714,1552579999,1136E,WRONG_ANSWER
51263044,1552486276,1136D,OK
51262616,1552485550,1136C,OK
51262278,1552485074,1136B,OK
51262012,1552484702,1136A,OK
50963322,1551976082,1133F2,OK
50959292,1551975368,1133F1,OK
50957302,1551975024,1133E,OK
50956006,1551974818,1133E,WRONG_ANSWER
50955556,1551974742,1133E,WRONG_ANSWER
50955088,1551974669,1133E,WRONG_ANSWER
50954171,1551974530,1133E,WRONG_ANSWER
50951273,1551974072,1133D,OK
50950766,1551973996,1133D,WRONG_ANSWER
50949436,1551973786,1133D,WRONG_ANSWER
50946211,1551973288,1133C,OK
50944856,1551973092,1133B,OK
50941549,1551972599,1133B,WRONG_ANSWER
50939780,1551972342,1133B,WRONG_ANSWER
50936562,1551971847,1133A,OK
50936088,1551971770,1133A,WRONG_ANSWER
50934135,1551971428,1133A,WRONG_ANSWER
49436362,1549221181,1106B,OK
49171351,1548785975,1104D,OK
49056177,1548595459,1105C,OK
49056143,1548595411,1105C,RUNTIME_ERROR
48615834,1547987201,1100B,OK
46813162,1544355239,1090I,WRONG_ANSWER
46813003,1544355053,1090I,TIME_LIMIT_EXCEEDED
46812836,1544354833,1090I,TIME_LIMIT_EXCEEDED
46812779,1544354747,1090I,TIME_LIMIT_EXCEEDED
46812744,1544354710,1090I,MEMORY_LIMIT_EXCEEDED
46812729,1544354692,1090I,MEMORY_LIMIT_EXCEEDED
46812291,1544354157,1090E,OK
46812238,1544354089,1090E,WRONG_ANSWER
46806914,1544352316,1090I,WRONG_ANSWER
46805796,1544352223,1090I,WRONG_ANSWER
46803210,1544351868,1090I,TIME_LIMIT_EXCEEDED
46803051,1544351647,1090I,TIME_LIMIT_EXCEEDED
46802522,1544350949,1090I,WRONG_ANSWER
46802477,1544350872,1090I,WRONG_ANSWER
46802350,1544350707,1090K,OK
46798712,1544349592,1090L,OK
46798431,1544349245,1090I,TIME_LIMIT_EXCEEDED
46798176,1544348917,1090I,TIME_LIMIT_EXCEEDED
46798055,1544348773,1090I,TIME_LIMIT_EXCEEDED
46797547,1544348172,1090I,TIME_LIMIT_EXCEEDED
46792891,1544345450,1090L,WRONG_ANSWER
46792748,1544345293,1090B,OK
46792674,1544345221,1090L,WRONG_ANSWER
46792086,1544344669,1090L,WRONG_ANSWER
46791924,1544344517,1090L,RUNTIME_ERROR
46791851,1544344449,1090D,OK
46790435,1544343280,1090A,OK
46789008,1544342840,1090M,OK
46665643,1544059672,1056E,OK
46665370,1544058010,1056D,OK
46665247,1544057368,1056C,OK
46665078,1544056479,1056B,OK
46665021,1544056149,1056A,OK
46665014,1544056093,1056A,WRONG_ANSWER
46628502,1543967833,1082F,OK
46628385,1543967123,1082F,WRONG_ANSWER
46628371,1543967020,1082F,WRONG_ANSWER
46627655,1543962995,1088F,OK
46627566,1543962577,1088F,WRONG_ANSWER
46627546,1543962510,1088F,WRONG_ANSWER
46627489,1543962242,1088F,WRONG_ANSWER
46621685,1543948112,1088E,OK
46621632,1543948036,1088E,WRONG_ANSWER
46621596,1543947993,1088E,TIME_LIMIT_EXCEEDED
46621533,1543947911,1088E,WRONG_ANSWER
46611643,1543938680,1088E,WRONG_ANSWER
46606478,1543936990,1088D,OK
46597952,1543935276,1088C,OK
46591770,1543934487,1088B,OK
46589552,1543934282,1088A,OK
46588672,1543934027,1080B,OK
46587223,1543931539,1082G,OK
46513939,1543762389,1061B,OK
46362475,1543492109,1082G,OK
46362227,1543491730,1082B,OK
46361849,1543491174,1082G,WRONG_ANSWER
46361824,1543491143,1082G,COMPILATION_ERROR
46361785,1543491077,1082G,WRONG_ANSWER
46329883,1543419770,1082D,OK
46329730,1543419731,1082D,WRONG_ANSWER
46324853,1543418471,1082E,OK
46318118,1543417001,1082C,OK
46315830,1543416531,1082B,CHALLENGED
46313938,1543416104,1082A,OK
46293054,1543354853,1061A,OK
46293034,1543354783,1061B,OK
46292865,1543354096,1061C,OK
46292848,1543353977,1061C,RUNTIME_ERROR
46292732,1543353467,1061D,OK
46291824,1543350180,1061D,WRONG_ANSWER
46291439,1543348888,1061E,OK
46291345,1543348661,1061E,WRONG_ANSWER
46285991,1543335267,1061F,OK
46263657,1543272776,1080A,OK
46263638,1543272678,1080B,OK
46263602,1543272482,1080C,OK
46263509,1543271922,1080D,OK
46263488,1543271863,1080D,WRONG_ANSWER
46263420,1543271453,1080D,WRONG_ANSWER
46262923,1543269131,1080F,OK
46261172,1543262913,1080E,OK
46260397,1543260751,1080E,WRONG_ANSWER
46260307,1543260526,1080E,WRONG_ANSWER
46260204,1543260291,1080E,WRONG_ANSWER
46260108,1543260040,1080E,TIME_LIMIT_EXCEEDED
45561565,1541937667,1070D,OK
45561499,1541937519,1070D,WRONG_ANSWER
45561451,1541937424,1070D,WRONG_ANSWER
45542335,1541881122,1043F,TIME_LIMIT_EXCEEDED
45542300,1541880994,1043F,TIME_LIMIT_EXCEEDED
45541703,1541879456,1043D,OK
45541682,1541879402,1043D,TIME_LIMIT_EXCEEDED
45541403,1541878787,1043E,OK
45541393,1541878745,1043E,RUNTIME_ERROR
45541353,1541878660,1043E,RUNTIME_ERROR
45540096,1541876060,1043D,WRONG_ANSWER
45539537,1541875051,1043C,OK
45539374,1541874815,1043B,OK
45539022,1541874391,1043A,OK
45538890,1541874264,1043A,WRONG_ANSWER
45538447,1541872614,1070B,OK
45459840,1541719434,1070B,WRONG_ANSWER
45459642,1541717978,1070J,WRONG_ANSWER
45459396,1541716593,1070G,OK
45459359,1541716394,1070G,WRONG_ANSWER
45458717,1541713295,1070C,OK
45458693,1541713176,1070C,WRONG_ANSWER
45458052,1541710682,1070E,OK
45457970,1541710402,1070E,WRONG_ANSWER
45457906,1541710179,1070E,WRONG_ANSWER
45456677,1541706324,1070I,OK
45456576,1541705950,1070I,WRONG_ANSWER
45455860,1541703836,1070H,OK
45455729,1541703497,1070D,OK
45455728,1541703492,1070F,OK
45455463,1541702786,1070K,OK
45455339,1541702482,1070A,OK
45334501,1541437017,1072C,OK
45334083,1541436234,1072C,WRONG_ANSWER
45333967,1541435978,1072C,WRONG_ANSWER
45333624,1541435292,1072B,OK
45333409,1541434889,1072B,WRONG_ANSWER
45332996,1541434148,1072A,OK
45305486,1541365681,1068C,WRONG_ANSWER
45305365,1541365135,1068B,OK
45305243,1541364731,1068A,OK
45305208,1541364590,1068A,WRONG_ANSWER
45305194,1541364535,1068A,WRONG_ANSWER
45305148,1541364384,1068A,WRONG_ANSWER
44749952,1540321653,101933A,OK
44749894,1540321527,101933A,RUNTIME_ERROR
44749518,1540320628,101933D,OK
44748129,1540317784,101933H,OK
44747830,1540317172,101933H,WRONG_ANSWER
44747490,1540316531,101933K,OK
44746729,1540315034,101933I,OK
44746147,1540314009,101933I,RUNTIME_ERROR
44746025,1540313763,101933I,RUNTIME_ERROR
44745739,1540313252,101933H,WRONG_ANSWER
44745604,1540313017,101933I,RUNTIME_ERROR
44745149,1540312285,101933I,RUNTIME_ERROR
44745017,1540312065,101933I,RUNTIME_ERROR
44744411,1540310981,101933J,OK
44743731,1540309899,101933J,WRONG_ANSWER
44742764,1540308264,101933J,WRONG_ANSWER
44742696,1540308138,101933J,WRONG_ANSWER
44741842,1540306847,101933C,OK
44741063,1540305817,101933B,OK
44055449,1539127441,101908J,OK
44055429,1539127326,101908K,OK
44015330,1539031022,101908J,WRONG_ANSWER
44015131,1539030468,101908G,OK
44014764,1539029536,101908J,WRONG_ANSWER
44014509,1539028943,101908J,WRONG_ANSWER
44014335,1539028583,101908J,WRONG_ANSWER
44013150,1539026229,101908J,WRONG_ANSWER
44013116,1539026168,101908J,WRONG_ANSWER
44012672,1539025332,101908L,OK
44010463,1539021687,101908I,OK
44010194,1539021164,101908C,OK
44010174,1539021125,101908C,TIME_LIMIT_EXCEEDED
44009463,1539019978,101908F,OK
44009232,1539019574,101908E,OK
44008702,1539018689,101908F,WRONG_ANSWER
44007645,1539016729,101908B,OK
44006956,1539015640,101908B,WRONG_ANSWER
44006903,1539015542,101908B,WRONG_ANSWER
44006186,1539014381,101908D,OK
43852336,1538754553,1059D,TIME_LIMIT_EXCEEDED
43847352,1538753132,1059D,WRONG_ANSWER
43847164,1538753082,1059D,WRONG_ANSWER
43846602,1538752935,1059D,TIME_LIMIT_EXCEEDED
43840492,1538751575,1059C,OK
43836724,1538750926,1059B,OK
43832435,1538750324,1059A,OK
43652102,1538410368,1042E,OK
43651987,1538410187,1042E,WRONG_ANSWER
43264382,1537631289,100513C,OK
43264214,1537631061,100513C,TIME_LIMIT_EXCEEDED
43264093,1537630901,100513C,TIME_LIMIT_EXCEEDED
43259900,1537626619,100513B,OK
43258098,1537624984,100513E,OK
43257139,1537624139,100513G,OK
43256554,1537623639,100513K,OK
43256456,1537623549,100513K,TIME_LIMIT_EXCEEDED
43255240,1537622443,100513K,WRONG_ANSWER
43252200,1537619836,100513M,OK
43251479,1537619234,100513F,OK
43251175,1537619009,100513F,WRONG_ANSWER
43250732,1537618711,100513D,OK
43249254,1537617590,100513F,WRONG_ANSWER
43248550,1537617090,100513I,OK
43240540,1537609919,1029D,OK
43240108,1537609259,1029D,TIME_LIMIT_EXCEEDED
43240066,1537609205,1029D,WRONG_ANSWER
43240017,1537609126,1029D,TIME_LIMIT_EXCEEDED
43239964,1537609039,1029D,WRONG_ANSWER
43239920,1537608969,1029D,RUNTIME_ERROR
43239871,1537608901,1029D,RUNTIME_ERROR
43117363,1537453553,1042F,OK
43117306,1537453471,1042F,TIME_LIMIT_EXCEEDED
42999877,1537190782,1041F,OK
42999773,1537190652,1041F,WRONG_ANSWER
42999740,1537190605,1041F,WRONG_ANSWER
42999668,1537190526,1041F,WRONG_ANSWER
42999466,1537190261,1041F,WRONG_ANSWER
42999382,1537190140,1041F,WRONG_ANSWER
42999347,1537190076,1041F,WRONG_ANSWER
42997776,1537188156,1041E,OK
42997676,1537188040,1041E,WRONG_ANSWER
42997225,1537187489,1041E,WRONG_ANSWER
42997079,1537187279,1041E,WRONG_ANSWER
42996944,1537187096,1041E,WRONG_ANSWER
42996112,1537185988,1041D,OK
42995838,1537185707,1041D,WRONG_ANSWER
42995350,1537185044,1041C,OK
42994590,1537184153,1041B,OK
42994403,1537183932,1041A,OK
42881502,1536995457,1027C,OK
42869391,1536947489,100623A,WRONG_ANSWER
42869358,1536947408,100623A,OK
42869327,1536947341,100623A,WRONG_ANSWER
42868993,1536946595,100623A,WRONG_ANSWER
42868451,1536945286,100623A,WRONG_ANSWER
42868298,1536944906,100623A,WRONG_ANSWER
42867430,1536942855,100623A,WRONG_ANSWER
42867335,1536942657,100623A,TIME_LIMIT_EXCEEDED
42866941,1536941849,100623J,OK
42866538,1536940987,100623J,WRONG_ANSWER
42866361,1536940564,100623A,TIME_LIMIT_EXCEEDED
42866327,1536940498,100623A,WRONG_ANSWER
42866256,1536940310,100623J,WRONG_ANSWER
42865599,1536938910,100623A,TIME_LIMIT_EXCEEDED
42863966,1536935321,100623I,OK
42863924,1536935226,100623I,WRONG_ANSWER
42863856,1536935086,100623I,WRONG_ANSWER
42863372,1536934085,100623F,OK
42862887,1536933129,100623B,OK
42862591,1536932547,100623E,OK
42862337,1536932072,100623C,OK
42861987,1536931490,100623K,OK
42861869,1536931281,100623H,OK
42861666,1536930854,100623D,OK
42861635,1536930760,100623D,WRONG_ANSWER
42839611,1536860763,100610I,WRONG_ANSWER
42839559,1536860655,100610I,WRONG_ANSWER
42839468,1536860459,100610I,WRONG_ANSWER
42839274,1536860022,100610I,WRONG_ANSWER
42838595,1536858622,100610F,OK
42838374,1536858144,100610F,WRONG_ANSWER
42838172,1536857703,100610F,WRONG_ANSWER
42838024,1536857427,100610F,TIME_LIMIT_EXCEEDED
42837986,1536857358,100610F,WRONG_ANSWER
42837964,1536857304,100610F,WRONG_ANSWER
42837909,1536857193,100610F,WRONG_ANSWER
42837778,1536856908,100610F,WRONG_ANSWER
42836539,1536854179,100610C,OK
42835935,1536852875,100610J,OK
42835758,1536852543,100610H,OK
42835642,1536852339,100610J,WRONG_ANSWER
42834886,1536850899,100610K,OK
42834709,1536850518,100610K,WRONG_ANSWER
42834365,1536849769,100610A,OK
42834262,1536849549,100610A,WRONG_ANSWER
42834219,1536849460,100610H,WRONG_ANSWER
42834189,1536849410,100610K,WRONG_ANSWER
42834183,1536849393,100610E,OK
42834170,1536849370,100610D,OK
42834153,1536849331,100610A,WRONG_ANSWER
42834126,1536849264,100610A,WRONG_ANSWER
42619513,1536331392,101252E,OK
42617706,1536331012,101252E,WRONG_ANSWER
42617040,1536329745,101252K,OK
42616931,1536329550,101252K,WRONG_ANSWER
42615743,1536327336,101252J,OK
42615468,1536326865,101252J,MEMORY_LIMIT_EXCEEDED
42615371,1536326699,101252J,WRONG_ANSWER
42615155,1536326355,101252J,WRONG_ANSWER
42613921,1536324087,101252D,OK
42613453,1536323190,101252F,OK
42613272,1536322882,101252D,MEMORY_LIMIT_EXCEEDED
42613235,1536322803,101252D,WRONG_ANSWER
42612954,1536322229,101252F,WRONG_ANSWER
42612914,1536322136,101252F,WRONG_ANSWER
42612211,1536320678,101252C,OK
42611546,1536319320,101252H,OK
42611286,1536318784,101252A,OK
42611269,1536318728,101252A,RUNTIME_ERROR
42610312,1536316549,101252G,OK
42551515,1536236261,100507B,OK
42550825,1536235044,100507B,WRONG_ANSWER
42549283,1536231938,100507B,WRONG_ANSWER
42548223,1536229619,100507H,OK
42547628,1536228225,100507C,OK
42547588,1536228138,100507C,WRONG_ANSWER
42547211,1536227298,100507J,OK
42546934,1536226660,100507D,OK
42546790,1536226315,100507D,WRONG_ANSWER
42545834,1536224446,100507G,OK
42545722,1536224188,100507G,RUNTIME_ERROR
42545540,1536223820,100507C,WRONG_ANSWER
42545230,1536223165,100507G,RUNTIME_ERROR
42545088,1536222822,100507I,OK
42544031,1536220664,100507L,OK
42543905,1536220389,100507A,OK
42490550,1536148188,100622E,TIME_LIMIT_EXCEEDED
42490466,1536148035,100622E,TIME_LIMIT_EXCEEDED
42490021,1536147150,100622E,TIME_LIMIT_EXCEEDED
42489982,1536147090,100622E,WRONG_ANSWER
42489820,1536146807,100622E,TIME_LIMIT_EXCEEDED
42487922,1536142731,100622K,OK
42487188,1536141030,100622K,WRONG_ANSWER
42485394,1536136996,100622C,OK
42484712,1536135430,100622A,OK
42483843,1536133377,100622H,OK
42483807,1536133283,100622H,WRONG_ANSWER
42483355,1536132120,100622D,OK
42483259,1536131870,100622B,OK
42483153,1536131594,100622J,OK
42457953,1536063905,100285C,TIME_LIMIT_EXCEEDED
42457807,1536063691,100285A,OK
42457449,1536063077,100285A,WRONG_ANSWER
42457373,1536062951,100285A,RUNTIME_ERROR
42457123,1536062563,100285A,WRONG_ANSWER
42456983,1536062349,100285C,WRONG_ANSWER
42456738,1536061955,100285A,WRONG_ANSWER
42455775,1536060167,100285C,WRONG_ANSWER
42455586,1536059714,100285C,WRONG_ANSWER
42455394,1536059267,100285E,OK
42454813,1536057822,100285E,MEMORY_LIMIT_EXCEEDED
42454772,1536057719,100285C,WRONG_ANSWER
42454684,1536057495,100285C,RUNTIME_ERROR
42454016,1536055755,100285C,WRONG_ANSWER
42453740,1536054983,100285C,RUNTIME_ERROR
42453141,1536053465,100285F,OK
42452588,1536052113,100285H,OK
42452491,1536051915,100285H,WRONG_ANSWER
42452221,1536051335,100285H,WRONG_ANSWER
42451866,1536050490,100285F,WRONG_ANSWER
42451731,1536050121,100285D,OK
42450982,1536048287,100285I,OK
42450292,1536046260,100285B,OK
42306058,1535714444,100685J,OK
42305880,1535714042,100685J,WRONG_ANSWER
42305835,1535713932,100685J,WRONG_ANSWER
42305687,1535713460,100685K,OK
42305593,1535713232,100685J,TIME_LIMIT_EXCEEDED
42305576,1535713194,100685J,WRONG_ANSWER
42305510,1535713038,100685J,WRONG_ANSWER
42305467,1535712898,100685J,WRONG_ANSWER
42305395,1535712722,100685J,WRONG_ANSWER
42305365,1535712620,100685J,WRONG_ANSWER
42305338,1535712506,100685J,WRONG_ANSWER
42305304,1535712405,100685J,WRONG_ANSWER
42305266,1535712317,100685J,WRONG_ANSWER
42305224,1535712179,100685J,WRONG_ANSWER
42305145,1535711981,100685J,WRONG_ANSWER
42304564,1535710391,100685K,WRONG_ANSWER
42303927,1535708583,100685F,OK
42303598,1535707773,100685A,OK
42303485,1535707501,100685A,WRONG_ANSWER
42303316,1535707147,100685G,OK
42301436,1535702426,100685E,OK
42300947,1535701201,100685I,OK
42300819,1535700854,100685E,WRONG_ANSWER
42300552,1535700098,100685E,WRONG_ANSWER
42300282,1535699440,100685E,WRONG_ANSWER
42300213,1535699258,100685E,WRONG_ANSWER
42299814,1535698197,100685C,OK
42242864,1535549544,100864A,OK
42241856,1535547580,100864C,OK
42241812,1535547505,100864C,WRONG_ANSWER
42238444,1535540943,100864I,OK
42238084,1535540187,100864I,TIME_LIMIT_EXCEEDED
42238068,1535540150,100864I,WRONG_ANSWER
42237939,1535539890,100864I,TIME_LIMIT_EXCEEDED
42237712,1535539521,100864I,TIME_LIMIT_EXCEEDED
42236347,1535536555,100864J,OK
42236211,1535536224,100864F,OK
42236203,1535536208,100864J,WRONG_ANSWER
42235950,1535535557,100864J,WRONG_ANSWER
42235414,1535534317,100864F,WRONG_ANSWER
42235391,1535534267,100864F,RUNTIME_ERROR
41930877,1534846039,100531K,RUNTIME_ERROR
41930828,1534845936,100531K,RUNTIME_ERROR
41930781,1534845857,100531K,WRONG_ANSWER
41930737,1534845795,100531K,IDLENESS_LIMIT_EXCEEDED
41930662,1534845674,100531K,IDLENESS_LIMIT_EXCEEDED
41185153,1533314623,1016F,OK
41184166,1533314352,1016F,WRONG_ANSWER
41184051,1533314315,1016F,COMPILATION_ERROR
41183822,1533314241,1016F,TIME_LIMIT_EXCEEDED
41183714,1533314203,1016F,RUNTIME_ERROR
41183516,1533314138,1016F,RUNTIME_ERROR
41183396,1533314099,1016F,RUNTIME_ERROR
41183244,1533314041,1016F,TIME_LIMIT_EXCEEDED
41182341,1533313705,1016F,TIME_LIMIT_EXCEEDED
41181987,1533313577,1016F,WRONG_ANSWER
41180900,1533313157,1016F,WRONG_ANSWER
41173614,1533310682,1016D,OK
41170167,1533309713,1016C,OK
41169790,1533309613,1016C,WRONG_ANSWER
41168155,1533309220,1016C,WRONG_ANSWER
41164474,1533308434,1016B,OK
41163319,1533308214,1016B,WRONG_ANSWER
41161025,1533307847,1016A,OK
41050123,1533052742,1015F,WRONG_ANSWER
41039876,1533050415,1015E2,OK
41036620,1533049766,1015E1,OK
41032655,1533049055,1015D,OK
41029351,1533048430,1015C,OK
41027937,1533048189,1015B,OK
41025419,1533047850,1015A,OK
40980603,1532972190,1012D,WRONG_ANSWER
40979952,1532971139,1012D,WRONG_ANSWER
40974656,1532962121,1012D,WRONG_ANSWER
40974585,1532962002,1012D,WRONG_ANSWER
40974348,1532961610,1012D,WRONG_ANSWER
40973750,1532960652,1012D,RUNTIME_ERROR
40973309,1532959924,1012D,WRONG_ANSWER
40973271,1532959874,1012D,RUNTIME_ERROR
40973078,1532959538,1012D,RUNTIME_ERROR
40972854,1532959187,1012D,WRONG_ANSWER
40972246,1532958150,1012D,WRONG_ANSWER
40970553,1532955761,1012D,WRONG_ANSWER
40968694,1532953824,1012B,OK
40968405,1532953390,1012A,OK
40860064,1532722643,1000A,OK
40812967,1532631255,1010E,WRONG_ANSWER
40807759,1532623690,1010D,OK
40800777,1532621656,1010C,OK
40798646,1532621059,1010B,OK
40796044,1532620386,1010A,OK
40750091,1532538669,1004C,OK
40749967,1532538329,1004B,OK
40749926,1532538169,1004A,OK
40700109,1532427351,1008B,OK
40700051,1532427184,1008A,OK
40680683,1532373484,1008C,OK
40680572,1532373158,998B,OK
40335892,1531582258,1009D,WRONG_ANSWER
40335401,1531582121,1009D,WRONG_ANSWER
40335039,1531582015,1009D,RUNTIME_ERROR
40334715,1531581934,1009D,WRONG_ANSWER
40334616,1531581905,1009D,RUNTIME_ERROR
40334459,1531581869,1009D,WRONG_ANSWER
40334228,1531581809,1009D,WRONG_ANSWER
40333252,1531581551,1009D,WRONG_ANSWER
40332539,1531581365,1009D,WRONG_ANSWER
40328108,1531580266,1009C,OK
40326097,1531579760,1009B,OK
40324293,1531579394,1009A,OK
39750845,1530210150,100519B,WRONG_ANSWER
39750841,1530210129,100519B,WRONG_ANSWER
39750770,1530209908,100519B,OK
39750707,1530209731,100519B,WRONG_ANSWER
39747920,1530201934,100519G,OK
39747009,1530199274,100519A,OK
39746832,1530198763,100519E,OK
39746677,1530198432,100519E,WRONG_ANSWER
39746642,1530198344,100519E,WRONG_ANSWER
39746520,1530198007,100519C,OK
39746246,1530197291,100519E,WRONG_ANSWER
39746225,1530197238,100519E,WRONG_ANSWER
39745944,1530196478,100519E,WRONG_ANSWER
39745865,1530196257,100519E,RUNTIME_ERROR
39745001,1530194148,100519F,OK
39744929,1530193980,100519F,WRONG_ANSWER
39744748,1530193564,100519F,RUNTIME_ERROR
39744297,1530192526,100519D,OK
39720893,1530117090,100792G,OK
39719113,1530116254,100792G,TIME_LIMIT_EXCEEDED
39718416,1530115921,100792G,TIME_LIMIT_EXCEEDED
39718247,1530115828,100792G,TIME_LIMIT_EXCEEDED
39713525,1530113485,100792H,OK
39711547,1530112662,100792C,OK
39709802,1530111982,100792C,WRONG_ANSWER
39704238,1530110236,100792C,WRONG_ANSWER
39703943,1530109309,100792C,WRONG_ANSWER
39703653,1530108472,100792D,OK
39703418,1530107855,100792K,OK
39703107,1530107069,100792K,WRONG_ANSWER
39702699,1530105978,100792I,OK
39702498,1530105392,100792I,WRONG_ANSWER
39702344,1530104998,100792A,OK
39702331,1530104967,100792A,COMPILATION_ERROR
39677498,1530021492,101243B,OK
39677439,1530021358,101243B,COMPILATION_ERROR
39677415,1530021286,101243B,WRONG_ANSWER
39677358,1530021165,101243B,WRONG_ANSWER
39677279,1530020977,101243B,OK
39677264,1530020942,101243B,WRONG_ANSWER
39677260,1530020931,101243B,COMPILATION_ERROR
39676885,1530019978,101243B,WRONG_ANSWER
39676880,1530019965,101243B,COMPILATION_ERROR
39676785,1530019714,101243I,OK
39676760,1530019653,101243I,WRONG_ANSWER
39676491,1530019027,101243C,OK
39676426,1530018860,101243C,RUNTIME_ERROR
39676409,1530018811,101243C,RUNTIME_ERROR
39676376,1530018730,101243C,RUNTIME_ERROR
39676349,1530018654,101243C,RUNTIME_ERROR
39676339,1530018624,101243C,WRONG_ANSWER
39676323,1530018572,101243C,WRONG_ANSWER
39676308,1530018530,101243C,RUNTIME_ERROR
39676293,1530018493,101243C,WRONG_ANSWER
39675254,1530015803,101243C,RUNTIME_ERROR
39675077,1530015389,101243C,WRONG_ANSWER
39674189,1530013019,101243B,RUNTIME_ERROR
39674168,1530012971,101243B,WRONG_ANSWER
39674093,1530012764,101243B,RUNTIME_ERROR
39673960,1530012445,101243B,WRONG_ANSWER
39673819,1530012057,101243B,RUNTIME_ERROR
39673813,1530012036,101243B,COMPILATION_ERROR
39673682,1530011700,101243B,RUNTIME_ERROR
39673543,1530011399,101243C,WRONG_ANSWER
39673394,1530011018,101243C,WRONG_ANSWER
39673298,1530010728,101243C,WRONG_ANSWER
39673276,1530010678,101243C,WRONG_ANSWER
39673020,1530010005,101243E,OK
39672857,1530009544,101243F,OK
39672825,1530009429,101243F,TIME_LIMIT_EXCEEDED
39672815,1530009400,101243F,COMPILATION_ERROR
39672445,1530008220,101243B,RUNTIME_ERROR
39672231,1530007534,101243J,OK
39672194,1530007411,101243J,RUNTIME_ERROR
39671122,1530004780,101243H,OK
39670929,1530004268,101243G,OK
39670802,1530003965,101243D,OK
39670619,1530003500,101243A,OK
39670509,1530003236,101243A,WRONG_ANSWER
39670287,1530002704,983A,TIME_LIMIT_EXCEEDED
39670208,1530002542,983A,TIME_LIMIT_EXCEEDED
39633149,1529877605,995B,OK
39595983,1529830376,999A,OK
39580448,1529783493,991F,WRONG_ANSWER
39580323,1529783284,991F,WRONG_ANSWER
39577373,1529775204,991F,TIME_LIMIT_EXCEEDED
39574637,1529774282,991F,WRONG_ANSWER
39566409,1529771647,991E,OK
39561270,1529770386,991D,OK
39554358,1529769226,991C,OK
39550159,1529768744,991B,OK
39546355,1529768396,991A,OK
39517795,1529674088,101137K,WRONG_ANSWER
39516751,1529671387,101137F,OK
39516679,1529671191,101137F,WRONG_ANSWER
39516562,1529670960,101137F,WRONG_ANSWER
39516541,1529670910,101137F,RUNTIME_ERROR
39516124,1529669881,101137F,WRONG_ANSWER
39515668,1529668737,101137F,WRONG_ANSWER
39515104,1529667496,101137F,WRONG_ANSWER
39514201,1529665339,101137F,WRONG_ANSWER
39514084,1529665077,101137F,WRONG_ANSWER
39513848,1529664522,101137F,WRONG_ANSWER
39513834,1529664491,101137F,WRONG_ANSWER
39513635,1529664023,101137F,WRONG_ANSWER
39512688,1529662071,101137L,OK
39511738,1529660111,101137G,OK
39511093,1529658631,101137B,OK
39510811,1529658036,101137A,OK
39491580,1529598516,999D,OK
39490557,1529598215,999D,WRONG_ANSWER
39489145,1529597766,999C,OK
39488291,1529597486,999B,OK
39487508,1529597228,999A,OK
39486913,1529597016,999D,WRONG_ANSWER
39484829,1529596293,999D,WRONG_ANSWER
39481858,1529595314,999E,OK
39478933,1529594434,999F,OK
39476900,1529593880,999F,WRONG_ANSWER
39476151,1529593696,999F,WRONG_ANSWER
39416587,1529425442,100107H,TIME_LIMIT_EXCEEDED
39415663,1529422939,100107K,OK
39415206,1529421719,100107K,WRONG_ANSWER
39415105,1529421452,100107K,WRONG_ANSWER
39414617,1529420284,100107H,WRONG_ANSWER
39414595,1529420245,100107H,MEMORY_LIMIT_EXCEEDED
39413286,1529417206,100107I,WRONG_ANSWER
39409242,1529408654,100107F,OK
39409184,1529408554,100107F,TIME_LIMIT_EXCEEDED
39408838,1529407886,100107A,OK
39365282,1529340629,101409K,WRONG_ANSWER
39359800,1529336355,101409K,WRONG_ANSWER
39359599,1529335676,101409F,OK
39359278,1529334628,101409G,OK
39359272,1529334613,101409K,WRONG_ANSWER
39358773,1529333217,101409K,WRONG_ANSWER
39358748,1529333152,101409K,WRONG_ANSWER
39358628,1529332834,101409K,TIME_LIMIT_EXCEEDED
39358488,1529332430,101409K,TIME_LIMIT_EXCEEDED
39358348,1529332141,101409K,TIME_LIMIT_EXCEEDED
39357691,1529329242,101409G,WRONG_ANSWER
39357489,1529328753,101409G,WRONG_ANSWER
39357126,1529327820,101409G,WRONG_ANSWER
39357050,1529327594,101409G,WRONG_ANSWER
39356251,1529325307,101409C,OK
39355909,1529324293,101409D,OK
39355617,1529323519,101409D,WRONG_ANSWER
39355523,1529323299,101409D,WRONG_ANSWER
39355116,1529322353,101409E,OK
39354522,1529320904,101409M,OK
39354180,1529320051,101409I,OK
39354022,1529319584,101409I,WRONG_ANSWER
39354004,1529319535,101409I,WRONG_ANSWER
39353714,1529318717,101409A,OK
39336559,1529242549,101669J,OK
39336351,1529242023,101669J,WRONG_ANSWER
39336271,1529241830,101669J,WRONG_ANSWER
39336098,1529241368,101669J,WRONG_ANSWER
39336037,1529241225,101669J,WRONG_ANSWER
39335568,1529240051,101669J,WRONG_ANSWER
39334554,1529237086,101669F,OK
39334011,1529235573,101669J,WRONG_ANSWER
39333980,1529235498,101669F,TIME_LIMIT_EXCEEDED
39333798,1529235050,101669F,WRONG_ANSWER
39333620,1529234612,101669F,TIME_LIMIT_EXCEEDED
39333276,1529233748,101669A,OK
39333228,1529233621,101669F,WRONG_ANSWER
39333157,1529233407,101669F,WRONG_ANSWER
39332770,1529232351,101669A,WRONG_ANSWER
39332740,1529232273,101669A,WRONG_ANSWER
39332367,1529231276,101669A,WRONG_ANSWER
39331691,1529229594,101669D,OK
39331522,1529229210,101669A,WRONG_ANSWER
39331286,1529228575,101669A,WRONG_ANSWER
39330909,1529227515,101669K,OK
39330768,1529227134,101669G,OK
39270185,1529076982,101410A,OK
39270109,1529076644,101410A,WRONG_ANSWER
39268463,1529072040,101410D,OK
39267831,1529070243,101410D,WRONG_ANSWER
39267107,1529068519,101410D,WRONG_ANSWER
39266900,1529068006,101410D,WRONG_ANSWER
39266781,1529067599,101410D,WRONG_ANSWER
39266324,1529066211,101410D,WRONG_ANSWER
39265408,1529063676,101410E,OK
39265362,1529063583,101410E,WRONG_ANSWER
39264865,1529062398,101410H,OK
39264299,1529061118,101410C,OK
39263987,1529060382,101410I,OK
39250568,1528998471,101611F,OK
39250475,1528998167,101611F,WRONG_ANSWER
39249120,1528993610,101611C,OK
39248458,1528991304,101611H,OK
39248032,1528989870,101611H,WRONG_ANSWER
39247850,1528989251,101611G,OK
39247527,1528988145,101611H,WRONG_ANSWER
39246361,1528984815,101611A,OK
39246238,1528984527,101611D,OK
38405235,1526658948,982A,OK
38405152,1526658764,982A,WRONG_ANSWER
38405136,1526658710,982A,WRONG_ANSWER
38102178,1525990209,101142C,WRONG_ANSWER
38101812,1525987688,101142C,WRONG_ANSWER
38101802,1525987636,101142C,WRONG_ANSWER
38101673,1525986727,101142C,WRONG_ANSWER
38101658,1525986649,101142C,WRONG_ANSWER
38101429,1525985539,101142C,WRONG_ANSWER
38101361,1525985207,101142C,WRONG_ANSWER
38100628,1525981817,101142C,WRONG_ANSWER
38100301,1525980657,101142K,OK
38099978,1525979405,101142F,OK
38099938,1525979206,101142F,WRONG_ANSWER
38099820,1525978693,101142A,OK
38093892,1525962450,975D,OK
38092206,1525958816,975C,OK
38091908,1525958167,975B,OK
38091717,1525957756,975A,OK
38078759,1525889217,965E,WRONG_ANSWER
38078717,1525889049,965E,WRONG_ANSWER
37734868,1525040481,100524A,TIME_LIMIT_EXCEEDED
37734107,1525036098,100863C,OK
37554991,1524501110,225A,OK
37235461,1523484328,101246F,OK
37235394,1523483865,101246B,OK
37235388,1523483844,101246B,COMPILATION_ERROR
37235162,1523482617,101246G,WRONG_ANSWER
37235141,1523482521,101246G,RUNTIME_ERROR
37072003,1523122413,960F,OK
37066985,1523120331,960C,OK
37066864,1523120285,960C,SKIPPED
37060718,1523118354,960B,OK
37057900,1523117729,960B,WRONG_ANSWER
37055504,1523117312,960A,OK
37049544,1523103471,101612L,OK
37049380,1523103141,101612L,WRONG_ANSWER
37049238,1523102864,101612L,WRONG_ANSWER
37049210,1523102804,101612L,TIME_LIMIT_EXCEEDED
37048771,1523101856,101612E,OK
37048758,1523101817,101612E,COMPILATION_ERROR
37048401,1523101073,101612E,WRONG_ANSWER
37032299,1523049256,101612E,WRONG_ANSWER
37032190,1523048791,101612E,WRONG_ANSWER
37031265,1523045624,101612L,WRONG_ANSWER
37031252,1523045579,101612L,WRONG_ANSWER
37031140,1523045166,101612L,WRONG_ANSWER
37031079,1523044998,101612L,WRONG_ANSWER
37030206,1523042495,101612I,OK
37029832,1523041460,101612C,OK
37028814,1523038715,101612K,OK
37028626,1523038212,101612B,OK
37028478,1523037775,101612B,WRONG_ANSWER
37028397,1523037566,101612B,WRONG_ANSWER
37028124,1523036640,101612A,OK
37009221,1522972957,100801D,TIME_LIMIT_EXCEEDED
37008965,1522970533,100801G,WRONG_ANSWER
37008779,1522969165,100801J,OK
37007563,1522961750,100801H,OK
37007548,1522961673,100801H,WRONG_ANSWER
37007431,1522961006,100801C,OK
37007374,1522960706,100801C,WRONG_ANSWER
37007192,1522959924,100801B,OK
37007090,1522959446,100801L,OK
37006953,1522958720,100801E,OK
37006913,1522958530,100801E,WRONG_ANSWER
37006511,1522956934,100801E,WRONG_ANSWER
37006435,1522956639,100801A,OK
36983175,1522881704,101597J,WRONG_ANSWER
36983131,1522881436,101597J,WRONG_ANSWER
36983066,1522881080,101597D,OK
36982854,1522879806,101597J,RUNTIME_ERROR
36982843,1522879691,101597J,TIME_LIMIT_EXCEEDED
36982818,1522879565,101597J,TIME_LIMIT_EXCEEDED
36982809,1522879511,101597J,WRONG_ANSWER
36982551,1522878034,101597J,TIME_LIMIT_EXCEEDED
36982505,1522877815,101597J,TIME_LIMIT_EXCEEDED
36982481,1522877718,101597J,TIME_LIMIT_EXCEEDED
36981856,1522874961,101597B,OK
36981795,1522874740,101597B,WRONG_ANSWER
36981691,1522874272,101597B,WRONG_ANSWER
36981674,1522874187,101597B,WRONG_ANSWER
36981633,1522874016,101597B,WRONG_ANSWER
36981448,1522873264,101597B,WRONG_ANSWER
36981409,1522873103,101597B,WRONG_ANSWER
36979988,1522867798,101597C,OK
36979671,1522866946,101597C,WRONG_ANSWER
36979404,1522866204,101597E,OK
36979336,1522866020,101597K,OK
36979294,1522865908,101597K,TIME_LIMIT_EXCEEDED
36979246,1522865779,101597K,RUNTIME_ERROR
36177280,1520710667,947D,OK
36176789,1520710083,947D,WRONG_ANSWER
36176217,1520709085,947D,WRONG_ANSWER
36170192,1520701572,947D,WRONG_ANSWER
36168600,1520700943,947D,WRONG_ANSWER
36164739,1520699374,947C,OK
36161665,1520698270,947B,OK
36159513,1520697551,947A,OK
36114795,1520597503,950F,OK
36114653,1520597381,950F,WRONG_ANSWER
36114283,1520596981,950F,WRONG_ANSWER
36112588,1520591911,950F,WRONG_ANSWER
36107778,1520589219,950E,OK
36104344,1520587420,950D,OK
36098559,1520585023,950C,OK
36094173,1520583766,950B,OK
36091693,1520583268,950A,OK
35677556,1519559198,940B,OK
35677401,1519558920,940B,WRONG_ANSWER
35677214,1519558589,938A,OK
35676966,1519558080,940B,WRONG_ANSWER
35676911,1519557947,939A,OK
35676643,1519557359,935A,OK
35675855,1519555514,940A,OK
35675822,1519555428,940A,WRONG_ANSWER
35507458,1519082227,934E,OK
35507298,1519081442,934C,OK
35507200,1519080919,934C,WRONG_ANSWER
35506781,1519078691,934C,WRONG_ANSWER
35506613,1519077923,934B,OK
35506564,1519077636,934A,OK
33990503,1515356576,101667I,OK
33990088,1515354490,101667B,OK
33989942,1515353799,101667H,OK
33989741,1515352867,101667H,TIME_LIMIT_EXCEEDED
33989647,1515352428,101667H,TIME_LIMIT_EXCEEDED
33989639,1515352401,101667H,COMPILATION_ERROR
33989539,1515352019,101667H,TIME_LIMIT_EXCEEDED
33989472,1515351744,101667H,TIME_LIMIT_EXCEEDED
33987678,1515344118,101667C,OK
33987536,1515343651,101667C,WRONG_ANSWER
33987173,1515342461,101667F,OK
33986330,1515339391,101667D,OK
33057660,1512841362,101635K,OK
33057426,1512840727,101635K,WRONG_ANSWER
33057411,1512840675,101635K,WRONG_ANSWER
33057358,1512840534,101635K,WRONG_ANSWER
33057239,1512840177,101635K,WRONG_ANSWER
33057048,1512839689,101635C,WRONG_ANSWER
33057020,1512839620,101635C,WRONG_ANSWER
33056932,1512839401,101635C,WRONG_ANSWER
33056902,1512839326,101635C,WRONG_ANSWER
33056776,1512839030,101635K,WRONG_ANSWER
33056762,1512839000,101635K,RUNTIME_ERROR
33056165,1512837516,101635K,WRONG_ANSWER
33056102,1512837379,101635K,WRONG_ANSWER
33056030,1512837227,101635K,WRONG_ANSWER
33055964,1512837067,101635K,WRONG_ANSWER
33055847,1512836772,101635K,WRONG_ANSWER
33054667,1512833836,101635J,OK
33054665,1512833828,101635A,OK
33054647,1512833772,101635J,WRONG_ANSWER
33054348,1512832986,101635F,OK
32874726,1512229955,897D,WRONG_ANSWER
32873825,1512229606,897C,OK
32872941,1512229146,897C,WRONG_ANSWER
32871256,1512228033,897C,WRONG_ANSWER
32871066,1512227903,897D,OK
32868528,1512226205,897B,OK
32868013,1512225912,897C,COMPILATION_ERROR
32863541,1512224244,897B,WRONG_ANSWER
32860834,1512223721,897A,OK
32604016,1511466875,894E,OK
32603994,1511466803,894E,TIME_LIMIT_EXCEEDED
32603860,1511466349,894E,TIME_LIMIT_EXCEEDED
32475351,1511106768,894E,WRONG_ANSWER
32474875,1511106617,894E,WRONG_ANSWER
32474775,1511106577,894E,RUNTIME_ERROR
32473351,1511105942,894E,WRONG_ANSWER
32472217,1511105420,894E,WRONG_ANSWER
32465098,1511102016,894C,OK
32463444,1511101240,894B,OK
32462177,1511100674,894A,OK
32461885,1511100556,894A,WRONG_ANSWER
32461829,1511100535,894A,WRONG_ANSWER
32459167,1511099907,894A,WRONG_ANSWER
32397994,1510933468,892D,WRONG_ANSWER
32394697,1510932382,892D,WRONG_ANSWER
32393307,1510931981,892D,WRONG_ANSWER
32387204,1510930451,892C,WRONG_ANSWER
32384605,1510929910,892B,OK
32382612,1510929607,892A,OK
32343330,1510788225,101196F,OK
32342828,1510784450,101196H,WRONG_ANSWER
32342804,1510784322,101196F,WRONG_ANSWER
32342794,1510784286,101196F,COMPILATION_ERROR
32342786,1510784217,101196F,COMPILATION_ERROR
32342712,1510783815,101196H,WRONG_ANSWER
32342492,1510782576,101196H,WRONG_ANSWER
32342440,1510782343,101196H,WRONG_ANSWER
32342439,1510782341,101196G,OK
32342383,1510782058,101196G,WRONG_ANSWER
32342299,1510781519,101196H,RUNTIME_ERROR
32342186,1510780972,101196H,RUNTIME_ERROR
32341372,1510777134,101196D,OK
32341279,1510775185,101196F,WRONG_ANSWER
32341040,1510773940,101196B,OK
32340825,1510772952,101196I,OK
32340634,1510772311,101196F,WRONG_ANSWER
32339679,1510769631,101196F,WRONG_ANSWER
32339128,1510768853,101196E,OK
32338663,1510766823,101196C,OK
32018670,1509726346,887B,OK
32013340,1509725290,887A,OK
31954502,1509548648,192E,OK
31954484,1509548607,192E,OK
31954449,1509548537,192E,TIME_LIMIT_EXCEEDED
31954435,1509548512,192E,COMPILATION_ERROR
31954336,1509548285,192E,TIME_LIMIT_EXCEEDED
31954292,1509548216,192E,TIME_LIMIT_EXCEEDED
31954258,1509548159,192E,TIME_LIMIT_EXCEEDED
31493798,1508362683,100800L,WRONG_ANSWER
31493710,1508362270,100800L,WRONG_ANSWER
31493691,1508362173,100800L,WRONG_ANSWER
31493625,1508361832,100800L,RUNTIME_ERROR
31493604,1508361707,100800L,RUNTIME_ERROR
31375583,1508093631,101473J,OK
31375571,1508093593,101473J,OK
31375546,1508093512,101473J,RUNTIME_ERROR
31375493,1508093363,101473J,RUNTIME_ERROR
31375423,1508093158,101473I,OK
31374156,1508089261,101473H,OK
31374146,1508089237,101473H,WRONG_ANSWER
31372764,1508085718,101473G,OK
31372365,1508084846,101473D,OK
31371850,1508083684,101473C,OK
31371796,1508083578,101473C,TIME_LIMIT_EXCEEDED
31371013,1508081901,101473F,OK
31370989,1508081854,101473F,WRONG_ANSWER
31370616,1508081112,101473A,OK
31370609,1508081102,101473E,OK
30967305,1507034241,864E,OK
30967214,1507033962,864E,WRONG_ANSWER
30967146,1507033786,864E,WRONG_ANSWER
30966937,1507033096,864E,WRONG_ANSWER
30964960,1507027761,864B,OK
30964817,1507027392,864A,OK
30964715,1507027186,864A,WRONG_ANSWER
30538038,1505894548,862C,OK
30520419,1505839931,862C,RUNTIME_ERROR
30520177,1505839831,862C,WRONG_ANSWER
30513693,1505836920,862B,OK
30511306,1505836037,862A,OK
30510909,1505835884,862A,WRONG_ANSWER
30250308,1505058213,100517F,WRONG_ANSWER
30247797,1505053538,100517D,OK
30246225,1505050212,100517L,OK
30246134,1505049931,100517L,WRONG_ANSWER
30244854,1505046157,100517K,OK
30244364,1505044437,100517J,OK
30243901,1505042951,100517B,OK
30243859,1505042779,100517H,OK
30243604,1505041829,100517I,OK
30168300,1504741042,854C,OK
30168162,1504740105,854B,OK
30168126,1504739910,854B,WRONG_ANSWER
30168071,1504739648,854B,WRONG_ANSWER
30168040,1504739474,854B,WRONG_ANSWER
30167921,1504738839,854A,OK
30167900,1504738700,854A,WRONG_ANSWER
30158622,1504713559,101177D,WRONG_ANSWER
30158572,1504713509,101177D,WRONG_ANSWER
30158547,1504713478,101177D,WRONG_ANSWER
30158527,1504713452,101177D,WRONG_ANSWER
30158471,1504713400,101177D,WRONG_ANSWER
30158440,1504713365,101177D,WRONG_ANSWER
30158338,1504713243,101177D,TIME_LIMIT_EXCEEDED
30158313,1504713200,101177D,WRONG_ANSWER
30158270,1504713145,101177D,WRONG_ANSWER
30158189,1504713046,101177D,WRONG_ANSWER
30158080,1504712932,101177D,WRONG_ANSWER
30158024,1504712883,101177D,WRONG_ANSWER
30157985,1504712848,101177D,WRONG_ANSWER
30157906,1504712778,101177D,WRONG_ANSWER
30157622,1504712541,101177D,WRONG_ANSWER
30156965,1504711107,101177J,OK
30156848,1504710625,101177J,WRONG_ANSWER
30156710,1504710024,101177J,WRONG_ANSWER
30156518,1504709678,101177J,WRONG_ANSWER
30153446,1504708453,101177J,WRONG_ANSWER
30148185,1504706139,101177I,OK
30142252,1504704436,101177B,OK
30141907,1504704355,101177B,WRONG_ANSWER
30133344,1504702876,101177B,TIME_LIMIT_EXCEEDED
30131733,1504702341,101177B,TIME_LIMIT_EXCEEDED
30131329,1504701274,101177B,TIME_LIMIT_EXCEEDED
30131298,1504701199,101177B,TIME_LIMIT_EXCEEDED
30131058,1504700555,101177B,WRONG_ANSWER
30130349,1504698544,101177A,OK
30129462,1504695910,101177K,OK
30064460,1504537951,851B,WRONG_ANSWER
30064036,1504537839,851B,COMPILATION_ERROR
30063250,1504537620,851B,WRONG_ANSWER
30061484,1504537160,851B,WRONG_ANSWER
30059355,1504536660,851B,WRONG_ANSWER
30059277,1504536638,851B,WRONG_ANSWER
30056532,1504536090,851A,OK
30020261,1504384228,101190H,OK
30020237,1504384111,101190H,WRONG_ANSWER
29998974,1504311442,101190A,OK
29998962,1504311326,101190A,WRONG_ANSWER
29998933,1504311099,101190A,WRONG_ANSWER
29998926,1504311048,101190A,WRONG_ANSWER
29998914,1504311010,101190A,WRONG_ANSWER
29992048,1504282834,101190F,OK
29991742,1504282508,101190F,WRONG_ANSWER
29990388,1504279961,101190E,OK
29989008,1504279250,101190E,WRONG_ANSWER
29986016,1504277682,101190A,OK
29978532,1504274194,101190H,OK
29978165,1504274059,101190H,WRONG_ANSWER
29975347,1504273267,101190H,WRONG_ANSWER
29933266,1504132593,842C,WRONG_ANSWER
29933163,1504131804,842D,OK
29933138,1504131649,842D,WRONG_ANSWER
29933113,1504131504,842D,WRONG_ANSWER
29932896,1504130212,842B,OK
29932830,1504129786,842A,OK
29923128,1504107588,101173K,WRONG_ANSWER
29922936,1504107164,101173J,WRONG_ANSWER
29922877,1504107012,101173J,WRONG_ANSWER
29921836,1504104794,101173J,WRONG_ANSWER
29921140,1504102725,101173J,WRONG_ANSWER
29918635,1504100369,101173A,OK
29918012,1504098708,101173C,OK
29917977,1504098621,101173C,COMPILATION_ERROR
29917002,1504095935,101173F,OK
29916704,1504095100,101173F,WRONG_ANSWER
29916646,1504094925,101173F,WRONG_ANSWER
29916025,1504093205,101173A,WRONG_ANSWER
29730606,1503576483,101411C,OK
29729727,1503573957,101411G,OK
29729088,1503572161,101411H,OK
29728833,1503571273,101411F,OK
29728562,1503570494,101411F,WRONG_ANSWER
29728526,1503570387,101411E,OK
29728023,1503568876,101411D,OK
29727964,1503568656,101411K,OK
29727950,1503568615,101411D,WRONG_ANSWER
29727831,1503568293,101411D,WRONG_ANSWER
29727425,1503567214,101411L,OK
29727220,1503566653,101411B,OK
29603758,1503160867,841D,OK
29565732,1503070308,841C,OK
29564863,1503070126,841C,RUNTIME_ERROR
29561334,1503069513,841B,OK
29560527,1503069391,841B,TIME_LIMIT_EXCEEDED
29557566,1503069017,841A,OK
29556690,1503068918,841A,WRONG_ANSWER
28913403,1501096189,101415I,COMPILATION_ERROR
28912437,1501092194,101415F,OK
28911615,1501089216,101415H,OK
28910552,1501085350,101415C,OK
28910209,1501084089,101415A,OK
28907959,1501080582,101415B,OK
28856357,1500923671,100438A,TIME_LIMIT_EXCEEDED
28856353,1500923660,100438A,TIME_LIMIT_EXCEEDED
28856344,1500923626,100438A,WRONG_ANSWER
28856328,1500923576,100438A,TIME_LIMIT_EXCEEDED
28856192,1500923136,100438A,TIME_LIMIT_EXCEEDED
28855824,1500922047,100438A,WRONG_ANSWER
28855779,1500921897,100438C,OK
28855559,1500921256,100438C,TIME_LIMIT_EXCEEDED
28855504,1500921068,100438C,TIME_LIMIT_EXCEEDED
28855445,1500920920,100438C,RUNTIME_ERROR
28855275,1500920487,100438C,TIME_LIMIT_EXCEEDED
28855262,1500920450,100438C,TIME_LIMIT_EXCEEDED
28854745,1500919287,100438A,WRONG_ANSWER
28854678,1500919146,100438A,TIME_LIMIT_EXCEEDED
28854225,1500918312,100438A,WRONG_ANSWER
28852518,1500916143,100438B,OK
28845103,1500911586,100438B,WRONG_ANSWER
28840537,1500910108,101404G,OK
28840276,1500910027,100438B,WRONG_ANSWER
28835948,1500908806,101404G,TIME_LIMIT_EXCEEDED
28835723,1500908740,101404G,WRONG_ANSWER
28834400,1500908386,100438B,WRONG_ANSWER
28832146,1500907727,100438B,WRONG_ANSWER
28830604,1500907407,100438B,WRONG_ANSWER
28826518,1500905838,101404B,OK
28825400,1500902505,101404H,OK
28824341,1500899638,101404J,OK
28824322,1500899596,101404J,TIME_LIMIT_EXCEEDED
28824157,1500899137,101404A,OK
28823785,1500898044,101404C,OK
28823555,1500897469,101404C,WRONG_ANSWER
28823494,1500897289,101404C,WRONG_ANSWER
28823367,1500896959,101404C,WRONG_ANSWER
28823259,1500896642,101404C,WRONG_ANSWER
28823038,1500896072,101404C,WRONG_ANSWER
28822996,1500895938,101404E,OK
28822946,1500895814,101404C,WRONG_ANSWER
28822886,1500895640,101404C,RUNTIME_ERROR
28807927,1500841444,100443F,OK
28782646,1500739134,100443D,OK
28762796,1500665057,100443D,WRONG_ANSWER
28762780,1500665007,100443D,WRONG_ANSWER
28762764,1500664915,100443D,WRONG_ANSWER
28762636,1500664309,100443D,WRONG_ANSWER
28761969,1500661913,100443G,OK
28761844,1500661521,100443G,RUNTIME_ERROR
28761750,1500661211,100443G,RUNTIME_ERROR
28761280,1500659551,100443G,WRONG_ANSWER
28761216,1500659287,100443G,WRONG_ANSWER
28760447,1500656673,100443C,OK
28760207,1500655834,100443C,WRONG_ANSWER
28759065,1500651714,100443I,OK
28647655,1500319778,100405D,TIME_LIMIT_EXCEEDED
28647646,1500319746,100405D,TIME_LIMIT_EXCEEDED
28647578,1500319507,100405D,TIME_LIMIT_EXCEEDED
28647546,1500319376,100405D,TIME_LIMIT_EXCEEDED
28647442,1500319063,100405H,WRONG_ANSWER
28647377,1500318910,100405H,WRONG_ANSWER
28647238,1500318504,100405D,TIME_LIMIT_EXCEEDED
28647097,1500318043,100405F,OK
28646994,1500317731,100405D,TIME_LIMIT_EXCEEDED
28646934,1500317567,100405D,WRONG_ANSWER
28646917,1500317520,100405D,WRONG_ANSWER
28646851,1500317275,100405D,TIME_LIMIT_EXCEEDED
28646803,1500317120,100405D,TIME_LIMIT_EXCEEDED
28646740,1500316859,100405D,TIME_LIMIT_EXCEEDED
28646172,1500314851,100405F,WRONG_ANSWER
28646149,1500314777,100405F,WRONG_ANSWER
28645842,1500313940,100405B,OK
28645830,1500313918,100405B,RUNTIME_ERROR
28645777,1500313740,100405B,TIME_LIMIT_EXCEEDED
28645743,1500313643,100405B,RUNTIME_ERROR
28645678,1500313433,100405B,TIME_LIMIT_EXCEEDED
28645647,1500313330,100405B,TIME_LIMIT_EXCEEDED
28645636,1500313288,100405B,TIME_LIMIT_EXCEEDED
28645587,1500313127,100405B,TIME_LIMIT_EXCEEDED
28645494,1500312858,100405B,TIME_LIMIT_EXCEEDED
28644937,1500311278,100405D,WRONG_ANSWER
28644698,1500310715,100405C,OK
28644627,1500310489,100405C,WRONG_ANSWER
28644578,1500310326,100405D,TIME_LIMIT_EXCEEDED
28644143,1500309068,100405D,TIME_LIMIT_EXCEEDED
28644117,1500308968,100405C,WRONG_ANSWER
28643811,1500307728,100405D,TIME_LIMIT_EXCEEDED
28643773,1500306555,100405A,OK
28643211,1500303502,100405G,OK
28614904,1500224839,100783J,OK
28614848,1500224781,100783J,OK
28614609,1500224620,100783J,OK
28614465,1500224546,100783J,TIME_LIMIT_EXCEEDED
28613659,1500224107,100783J,WRONG_ANSWER
28612892,1500223635,100783J,WRONG_ANSWER
28612493,1500223396,100783J,WRONG_ANSWER
28612283,1500223275,100783J,WRONG_ANSWER
28609524,1500221824,100783J,WRONG_ANSWER
28609391,1500221754,100783J,WRONG_ANSWER
28593258,1500199197,100783C,OK
28592290,1500196139,100783C,OK
28592239,1500195976,100783C,WRONG_ANSWER
28592207,1500195878,100783C,WRONG_ANSWER
28586474,1500178882,100783C,WRONG_ANSWER
28586453,1500178826,100783C,RUNTIME_ERROR
28586346,1500178436,100783C,RUNTIME_ERROR
28586332,1500178396,100783C,RUNTIME_ERROR
28582757,1500156364,100783C,WRONG_ANSWER
28582740,1500156255,100783C,WRONG_ANSWER
28582733,1500156224,100783C,TIME_LIMIT_EXCEEDED
28582727,1500156167,100783C,WRONG_ANSWER
28582721,1500156126,100783C,RUNTIME_ERROR
28529041,1499973803,100783A,COMPILATION_ERROR
28528943,1499973500,100783A,WRONG_ANSWER
28528922,1499973424,100783A,WRONG_ANSWER
28528875,1499973292,100783A,OK
28528417,1499972122,100783A,TIME_LIMIT_EXCEEDED
28525589,1499966172,100783B,OK
28513544,1499960312,100783D,WRONG_ANSWER
28474709,1499864803,100741G,WRONG_ANSWER
28413015,1499709055,100741B,OK
28412697,1499707633,100741B,WRONG_ANSWER
28412043,1499705024,100741B,WRONG_ANSWER
28411690,1499703718,100741F,OK
28411672,1499703631,100741F,WRONG_ANSWER
28411657,1499703568,100741F,COMPILATION_ERROR
28410588,1499699692,100741K,OK
28410538,1499699456,100741K,TIME_LIMIT_EXCEEDED
28410258,1499698364,100741A,OK
28409715,1499696784,100741L,OK
28409564,1499696369,100741D,OK
28409489,1499696133,100741D,TIME_LIMIT_EXCEEDED
28409383,1499695811,100741D,TIME_LIMIT_EXCEEDED
28365807,1499506856,101291H,OK
28365796,1499506809,101291H,WRONG_ANSWER
28326106,1499342610,101291K,OK
28325684,1499341670,101291H,OK
28289241,1499200787,101128J,WRONG_ANSWER
28289166,1499200363,101128J,WRONG_ANSWER
28289144,1499200279,101128J,RUNTIME_ERROR
28289136,1499200235,101128J,RUNTIME_ERROR
28289121,1499200145,101128J,WRONG_ANSWER
28289084,1499199966,101128J,WRONG_ANSWER
28288808,1499198592,101128J,WRONG_ANSWER
28288787,1499198511,101128J,WRONG_ANSWER
28288745,1499198339,101128J,WRONG_ANSWER
28265675,1499120344,101128J,TIME_LIMIT_EXCEEDED
28265671,1499120295,101128J,TIME_LIMIT_EXCEEDED
28265657,1499120218,101128J,COMPILATION_ERROR
28265626,1499120019,101128J,TIME_LIMIT_EXCEEDED
28265615,1499119962,101128J,WRONG_ANSWER
28265606,1499119911,101128J,COMPILATION_ERROR
28265212,1499117909,101128J,TIME_LIMIT_EXCEEDED
28265198,1499117845,101128J,WRONG_ANSWER
28265178,1499117722,101128J,TIME_LIMIT_EXCEEDED
28265018,1499116906,101128J,WRONG_ANSWER
28265006,1499116839,101128J,WRONG_ANSWER
28265000,1499116815,101128J,COMPILATION_ERROR
28264816,1499115948,101128J,WRONG_ANSWER
28264734,1499115596,101128J,WRONG_ANSWER
28264627,1499115088,101128J,WRONG_ANSWER
28264577,1499114814,101128J,WRONG_ANSWER
28264569,1499114779,101128J,WRONG_ANSWER
28264554,1499114713,101128J,COMPILATION_ERROR
28264443,1499114187,101128J,WRONG_ANSWER
28264204,1499113133,101128J,WRONG_ANSWER
28253117,1499079598,101128G,OK
28253102,1499079541,101128G,RUNTIME_ERROR
28252534,1499078320,101128G,WRONG_ANSWER
28252307,1499077756,101128G,WRONG_ANSWER
28252263,1499077670,101128G,WRONG_ANSWER
28252174,1499077459,101128G,WRONG_ANSWER
28251909,1499076766,101128C,WRONG_ANSWER
28250425,1499073273,101128C,WRONG_ANSWER
28249924,1499072125,101128J,WRONG_ANSWER
28249868,1499072014,101128J,WRONG_ANSWER
28249645,1499071465,101128J,RUNTIME_ERROR
28249483,1499071144,101128J,WRONG_ANSWER
28248963,1499070141,101128J,WRONG_ANSWER
28248702,1499069588,101128J,TIME_LIMIT_EXCEEDED
28248672,1499069508,101128J,COMPILATION_ERROR
28248611,1499069386,101128J,COMPILATION_ERROR
28246277,1499063869,101128H,OK
28245597,1499062161,101128D,OK
28235915,1499025036,822B,OK
28235723,1499024522,822A,OK
28161460,1498787886,101291C,OK
28161452,1498787833,101291C,RUNTIME_ERROR
28161262,1498787025,101291C,TIME_LIMIT_EXCEEDED
28161223,1498786884,101291C,WRONG_ANSWER
28161048,1498786140,101291C,TIME_LIMIT_EXCEEDED
28161010,1498786014,101291C,TIME_LIMIT_EXCEEDED
28160606,1498784360,101291C,WRONG_ANSWER
28160481,1498783852,101291C,WRONG_ANSWER
28160424,1498783596,101291C,WRONG_ANSWER
28160410,1498783523,101291C,WRONG_ANSWER
28160313,1498782983,101291C,WRONG_ANSWER
28160199,1498782152,101291C,WRONG_ANSWER
28160170,1498782010,101291C,WRONG_ANSWER
28160157,1498781890,101291C,WRONG_ANSWER
28160115,1498781597,101291C,WRONG_ANSWER
28159851,1498779796,101291C,WRONG_ANSWER
28159835,1498779655,101291C,TIME_LIMIT_EXCEEDED
28159827,1498779536,101291C,TIME_LIMIT_EXCEEDED
28153653,1498756146,818F,WRONG_ANSWER
28153511,1498756031,818F,WRONG_ANSWER
28153372,1498755915,818F,WRONG_ANSWER
28152901,1498755486,818E,OK
28149410,1498752902,818D,OK
28149017,1498752655,818D,WRONG_ANSWER
28147524,1498751755,818B,OK
28147089,1498751509,818B,WRONG_ANSWER
28144275,1498749862,818A,OK
28144167,1498749811,818A,WRONG_ANSWER
28143686,1498749526,818A,WRONG_ANSWER
28143396,1498749375,818A,WRONG_ANSWER
28141565,1498745965,101291M,OK
28141494,1498745744,101291M,TIME_LIMIT_EXCEEDED
28135531,1498726585,101291H,OK
28123844,1498667724,101291B,OK
28123749,1498667196,101291B,OK
28123727,1498667039,101291B,OK
28123191,1498664191,101291J,WRONG_ANSWER
28123104,1498663839,101291L,OK
28122905,1498662951,101291L,WRONG_ANSWER
28122867,1498662795,101291L,COMPILATION_ERROR
28122607,1498661497,101291L,WRONG_ANSWER
28122482,1498660912,101291L,WRONG_ANSWER
28122375,1498660489,101291E,OK
28122256,1498660034,101291A,OK
28122247,1498660009,101291A,WRONG_ANSWER
28122162,1498659718,101291I,OK
28121943,1498658807,101291M,OK
28121861,1498658441,101291K,OK
28121792,1498658156,101291K,WRONG_ANSWER
28118597,1498655271,101291E,WRONG_ANSWER
28118540,1498655013,101291H,OK
28115624,1498653347,101291E,WRONG_ANSWER
28115434,1498652634,101291F,OK
28115420,1498652575,101291F,TIME_LIMIT_EXCEEDED
28115306,1498652160,101291G,OK
28114887,1498650659,101291D,OK
28095598,1498580307,820D,WRONG_ANSWER
28095526,1498580276,820D,WRONG_ANSWER
28092994,1498579123,820B,WRONG_ANSWER
28092710,1498579002,820B,WRONG_ANSWER
28089562,1498577636,820B,WRONG_ANSWER
28087639,1498576905,820B,WRONG_ANSWER
28080301,1498574730,820A,OK
28078717,1498574427,820A,WRONG_ANSWER
27671980,1496927442,403D,WRONG_ANSWER
27653668,1496851812,814B,OK
27653480,1496851417,814B,OK
27653404,1496851251,814B,WRONG_ANSWER
27653374,1496851191,814B,WRONG_ANSWER
27649613,1496844858,814D,WRONG_ANSWER
27644972,1496842275,814C,OK
27638985,1496839766,814B,WRONG_ANSWER
27637923,1496839436,814B,WRONG_ANSWER
27634190,1496838400,814A,OK
27554814,1496547568,812B,OK
27554753,1496547281,812B,WRONG_ANSWER
27554635,1496546760,812B,WRONG_ANSWER
27554367,1496545237,812C,OK
27554342,1496545040,812C,WRONG_ANSWER
27554331,1496544908,812C,WRONG_ANSWER
27554289,1496544678,812C,WRONG_ANSWER
27554159,1496543952,812A,OK
27554099,1496543555,812A,WRONG_ANSWER
27535575,1496463635,779B,OK
27535532,1496463444,779B,WRONG_ANSWER
27535488,1496463211,779A,OK
27535469,1496463119,779A,WRONG_ANSWER
27245744,1495306456,810C,OK
27245524,1495306336,810C,WRONG_ANSWER
27245278,1495306212,810C,WRONG_ANSWER
27240834,1495304389,810B,OK
27240608,1495304336,810B,WRONG_ANSWER
27238787,1495303787,810A,OK
27224293,1495227110,789B,OK
27221149,1495222082,789C,OK
27221128,1495222003,789C,WRONG_ANSWER
27221109,1495221937,789C,WRONG_ANSWER
27221097,1495221889,789C,WRONG_ANSWER
27220765,1495220619,789B,WRONG_ANSWER
27220734,1495220500,789B,TIME_LIMIT_EXCEEDED
27220724,1495220463,789B,COMPILATION_ERROR
27220689,1495220283,789B,WRONG_ANSWER
27220671,1495220193,789B,WRONG_ANSWER
27220657,1495220138,789B,WRONG_ANSWER
27220644,1495220085,789B,WRONG_ANSWER
27220626,1495219994,789B,WRONG_ANSWER
27220424,1495219063,789A,OK
27220037,1495217278,805D,OK
27219961,1495217048,805D,WRONG_ANSWER
27219953,1495217016,805D,WRONG_ANSWER
27219936,1495216973,805D,WRONG_ANSWER
27219919,1495216882,805D,WRONG_ANSWER
27052525,1494587676,478D,OK
27052507,1494587631,478D,RUNTIME_ERROR
27052355,1494587150,478D,RUNTIME_ERROR
27052340,1494587120,478D,MEMORY_LIMIT_EXCEEDED
27052231,1494586767,478D,RUNTIME_ERROR
27013955,1494508148,316B1,OK
26699404,1493286614,100985A,OK
26647506,1493060327,798A,OK
26647484,1493060247,798A,WRONG_ANSWER
26647475,1493060189,798A,WRONG_ANSWER
26647435,1493060027,798A,WRONG_ANSWER
26337599,1492088435,468B,WRONG_ANSWER
26337203,1492087508,468B,WRONG_ANSWER
26337150,1492087367,468B,WRONG_ANSWER
26337028,1492087062,468B,WRONG_ANSWER
26336652,1492086140,468B,WRONG_ANSWER
26278027,1491847639,796C,WRONG_ANSWER
26275431,1491846578,796C,WRONG_ANSWER
26274791,1491846346,796C,WRONG_ANSWER
26262323,1491843033,796B,TIME_LIMIT_EXCEEDED
26260007,1491842628,796A,OK
26172046,1491487419,723F,OK
26171910,1491487062,723F,WRONG_ANSWER
26171589,1491486061,723F,WRONG_ANSWER
26171138,1491484817,723F,WRONG_ANSWER
26171006,1491484515,723F,WRONG_ANSWER
25807691,1490481479,746E,OK
25807653,1490481204,746E,WRONG_ANSWER
25807647,1490481160,746E,WRONG_ANSWER
25807417,1490480067,746D,OK
25807163,1490478746,746B,OK
25807145,1490478620,746B,WRONG_ANSWER
25807129,1490478547,746B,WRONG_ANSWER
25807116,1490478466,746B,WRONG_ANSWER
25806942,1490477588,746A,OK
25784314,1490393890,764E,TIME_LIMIT_EXCEEDED
25784239,1490393459,764E,WRONG_ANSWER
25784218,1490393327,764E,WRONG_ANSWER
25784182,1490393150,764E,WRONG_ANSWER
25784143,1490392959,764E,WRONG_ANSWER
25784130,1490392884,764E,WRONG_ANSWER
25784120,1490392833,764E,WRONG_ANSWER
25783968,1490392128,764E,WRONG_ANSWER
25783958,1490392054,764E,WRONG_ANSWER
25783924,1490391863,764E,WRONG_ANSWER
25783915,1490391812,764E,WRONG_ANSWER
25783896,1490391768,764E,WRONG_ANSWER
25783217,1490388757,764C,OK
25782732,1490387054,764B,OK
25782637,1490386708,764A,OK
25747725,1490286248,787B,WRONG_ANSWER
25747407,1490286081,787B,WRONG_ANSWER
25746476,1490285565,787D,RUNTIME_ERROR
25746231,1490285420,787D,MEMORY_LIMIT_EXCEEDED
25743271,1490284031,787A,OK
25739937,1490282860,787B,CHALLENGED
25630715,1489874949,791B,OK
25071820,1488184237,466C,OK
25071130,1488181247,466C,OK
25071115,1488181160,466C,WRONG_ANSWER
25071098,1488181083,466C,OK
25071092,1488181052,466C,OK
25071078,1488180990,466C,WRONG_ANSWER
25071054,1488180867,466C,WRONG_ANSWER
24037167,1485109447,760A,OK
23773640,1484269625,757B,OK
23773548,1484269097,757B,WRONG_ANSWER
23773413,1484268256,757A,OK
23773378,1484268081,757A,RUNTIME_ERROR
23773367,1484268033,757A,WRONG_ANSWER
23773351,1484267961,757A,WRONG_ANSWER
23638729,1483838959,676C,OK
23611030,1483729511,754B,OK
23608121,1483723492,754B,WRONG_ANSWER
23608082,1483723447,754B,COMPILATION_ERROR
23600641,1483717703,754B,WRONG_ANSWER
23598402,1483716745,754B,WRONG_ANSWER
23591654,1483714631,754A,OK
23226819,1482416271,596C,WRONG_ANSWER
23226799,1482416232,596C,WRONG_ANSWER
22291135,1479393970,715A,OK
22291062,1479393735,715A,WRONG_ANSWER
22155278,1478812185,123B,OK
22015951,1478185591,673C,RUNTIME_ERROR
22015594,1478184566,673C,RUNTIME_ERROR
22014035,1478180915,671B,OK
21836552,1477611441,164B,WRONG_ANSWER
21836492,1477610984,164B,WRONG_ANSWER
21836482,1477610908,164B,WRONG_ANSWER
21836354,1477609815,164B,WRONG_ANSWER
21836335,1477609691,164B,WRONG_ANSWER
21828599,1477584642,577B,OK
21828448,1477584231,577B,WRONG_ANSWER
21828409,1477584118,577B,WRONG_ANSWER
21826168,1477578225,577B,WRONG_ANSWER
21825207,1477578000,577B,WRONG_ANSWER
21825177,1477577921,577B,WRONG_ANSWER
21825168,1477577899,577B,WRONG_ANSWER
21822593,1477574055,525C,OK
21822090,1477573001,525C,WRONG_ANSWER
21821470,1477571637,671B,OK
21821433,1477571554,671B,WRONG_ANSWER
21821406,1477571499,671B,WRONG_ANSWER
21821287,1477571273,671B,WRONG_ANSWER
21821279,1477571256,671B,RUNTIME_ERROR
21619811,1476972295,690A2,OK
21619611,1476971842,690A2,WRONG_ANSWER
21619550,1476971725,690A2,WRONG_ANSWER
21619530,1476971681,690A2,WRONG_ANSWER
21619521,1476971656,690A2,WRONG_ANSWER
21619503,1476971610,690A2,WRONG_ANSWER
21619487,1476971566,690A2,WRONG_ANSWER
21619440,1476971459,690A2,WRONG_ANSWER
21619422,1476971422,690A2,COMPILATION_ERROR
21619186,1476970852,690A2,WRONG_ANSWER
21618881,1476970235,690A2,WRONG_ANSWER
21618622,1476969662,690A1,OK
21618598,1476969605,690A1,WRONG_ANSWER
21618551,1476969541,690A1,WRONG_ANSWER
21618342,1476969057,690A1,WRONG_ANSWER
21618320,1476969015,690A1,WRONG_ANSWER
21617994,1476968342,616D,WRONG_ANSWER
21617615,1476967551,616D,OK
21558727,1476771959,645C,OK
21558709,1476771894,645C,WRONG_ANSWER
21558688,1476771846,645C,WRONG_ANSWER
21558645,1476771681,645C,WRONG_ANSWER
21558632,1476771618,645C,WRONG_ANSWER
21558597,1476771504,645C,WRONG_ANSWER
21558582,1476771423,645C,WRONG_ANSWER
21558563,1476771347,645C,WRONG_ANSWER
21558550,1476771295,645C,WRONG_ANSWER
21558524,1476771208,645C,WRONG_ANSWER
21558315,1476770508,645C,WRONG_ANSWER
21558161,1476769950,645C,WRONG_ANSWER
21558150,1476769933,645C,WRONG_ANSWER
21558104,1476769752,645C,WRONG_ANSWER
21511984,1476683722,706B,OK
21511951,1476683589,706B,WRONG_ANSWER
21511902,1476683329,706B,WRONG_ANSWER
21511835,1476683100,706B,TIME_LIMIT_EXCEEDED
21497097,1476624333,659C,OK
21496959,1476624096,659C,WRONG_ANSWER
21496894,1476623980,659C,WRONG_ANSWER
21496113,1476622655,616D,WRONG_ANSWER
21496059,1476622555,616D,RUNTIME_ERROR
21495984,1476622448,616D,RUNTIME_ERROR
21495424,1476621560,616D,WRONG_ANSWER
21495403,1476621531,616D,WRONG_ANSWER
21495291,1476621395,616D,WRONG_ANSWER
21495134,1476621205,616D,RUNTIME_ERROR
21495114,1476621182,616D,WRONG_ANSWER
21454850,1476529650,364E,TIME_LIMIT_EXCEEDED
21454843,1476529621,364E,WRONG_ANSWER
21450824,1476527218,599C,OK
21450443,1476526983,599C,RUNTIME_ERROR
21449807,1476526586,599C,WRONG_ANSWER
21448852,1476525997,599C,WRONG_ANSWER
21448230,1476525622,599C,WRONG_ANSWER
21411726,1476388745,652C,OK
21410844,1476385456,652C,TIME_LIMIT_EXCEEDED
21410648,1476384850,652C,WRONG_ANSWER
21410165,1476383274,652C,TIME_LIMIT_EXCEEDED
21409869,1476382411,652C,WRONG_ANSWER
21409792,1476382194,652C,WRONG_ANSWER
21409772,1476382133,652C,WRONG_ANSWER
21409318,1476380783,652C,WRONG_ANSWER
21408071,1476377009,652C,WRONG_ANSWER
21408051,1476376937,652C,WRONG_ANSWER
21407964,1476376653,652C,WRONG_ANSWER
21407945,1476376585,652C,WRONG_ANSWER
21236895,1475762656,702B,TIME_LIMIT_EXCEEDED
21236733,1475762345,702B,TIME_LIMIT_EXCEEDED
21236670,1475762209,702B,WRONG_ANSWER
21236509,1475761911,702B,WRONG_ANSWER
21236282,1475761514,702B,RUNTIME_ERROR
21235761,1475760503,702B,WRONG_ANSWER
21235700,1475760393,702B,WRONG_ANSWER
21235635,1475760251,702B,WRONG_ANSWER
21235500,1475760004,702B,COMPILATION_ERROR
21235429,1475759859,702B,COMPILATION_ERROR
21234353,1475757521,645B,OK
21234284,1475757350,645B,WRONG_ANSWER
21234232,1475757224,645B,WRONG_ANSWER
21234212,1475757182,645B,COMPILATION_ERROR
