61676899,1569964102,1235A2,PARTIAL
61676285,1569962829,1235A2,PARTIAL
61571370,1569869292,556A,OK
61179864,1569266707,1229C,TIME_LIMIT_EXCEEDED
61179804,1569266635,1229C,COMPILATION_ERROR
61179435,1569266184,1229C,WRONG_ANSWER
61159479,1569253138,1229B,OK
61132689,1569248602,1229A,OK
60951823,1569018175,1021624,OK
60951816,1569018160,1021625,OK
60951814,1569018151,1021624,TIME_LIMIT_EXCEEDED
60951805,1569018141,1021623,OK
60951683,1569017765,1021622,OK
60951639,1569017603,1021621,OK
60951292,1569016667,102180F,OK
60950766,1569015376,102180D,OK
60950720,1569015231,102180D,MEMORY_LIMIT_EXCEEDED
60950590,1569014892,102180E,OK
60950388,1569014473,102180C,OK
60950326,1569014307,102180C,WRONG_ANSWER
60950243,1569014121,102180B,OK
60950205,1569014030,102180A,OK
60949996,1569013555,102212C,OK
60949866,1569013257,102212B,OK
60949837,1569013195,102212B,RUNTIME_ERROR
60949809,1569013159,102212A,OK
60934241,1568990680,102082E,OK
60929035,1568984974,102082J,OK
60925645,1568981464,102082K,OK
60923786,1568979353,102082D,OK
60922858,1568978287,102082G,OK
60922803,1568978222,102082C,OK
60921464,1568976479,102082B,OK
60921172,1568976046,102082A,OK
60890240,1568911960,1221F,OK
60888839,1568910898,1221F,WRONG_ANSWER
60888324,1568910822,1221F,WRONG_ANSWER
60888291,1568910815,1221F,RUNTIME_ERROR
60880070,1568908661,1221E,OK
60865952,1568905655,1221D,OK
60864333,1568905403,1221D,WRONG_ANSWER
60864031,1568905361,1221D,TIME_LIMIT_EXCEEDED
60858546,1568904609,1221C,OK
60854934,1568904180,1221B,OK
60853674,1568904018,1221A,OK
60852493,1568903547,1117A,OK
60817917,1568841772,1220E,OK
60817377,1568840450,1220E,WRONG_ANSWER
60814527,1568836405,1220F,OK
60810879,1568829606,1220F,WRONG_ANSWER
60797985,1568825726,1220D,OK
60793265,1568824639,1220D,WRONG_ANSWER
60790178,1568824073,1220C,OK
60786604,1568823512,1220B,OK
60780730,1568822858,1220A,OK
60780373,1568822649,779A,OK
60222123,1567864834,1045D,OK
60221791,1567864387,1045D,OK
60221571,1567864059,1045D,TIME_LIMIT_EXCEEDED
60221536,1567864029,1045D,TIME_LIMIT_EXCEEDED
60221529,1567864019,1045D,TIME_LIMIT_EXCEEDED
60221526,1567864010,1045D,TIME_LIMIT_EXCEEDED
60221521,1567864002,1045D,TIME_LIMIT_EXCEEDED
60221235,1567863646,1045D,TIME_LIMIT_EXCEEDED
60221194,1567863600,1045D,TIME_LIMIT_EXCEEDED
60221088,1567863442,1045D,MEMORY_LIMIT_EXCEEDED
60220997,1567863321,1045D,MEMORY_LIMIT_EXCEEDED
59740451,1567179663,1213F,OK
59735379,1567178796,1213E,OK
59735239,1567178775,1213G,WRONG_ANSWER
59725234,1567177321,1213G,OK
59720608,1567176719,1213D2,OK
59720145,1567176668,1213D1,OK
59716828,1567176315,1213C,OK
59712605,1567175957,1213B,OK
59710858,1567175795,1213A,OK
59543121,1566849350,100173D,TIME_LIMIT_EXCEEDED
59543088,1566849306,100173D,TIME_LIMIT_EXCEEDED
59543016,1566849188,100173D,TIME_LIMIT_EXCEEDED
59543003,1566849170,100173D,TIME_LIMIT_EXCEEDED
59542974,1566849130,100173D,TIME_LIMIT_EXCEEDED
59540878,1566845521,100173D,RUNTIME_ERROR
59540829,1566845445,100173D,COMPILATION_ERROR
59540731,1566845311,100173D,OK
59540445,1566844845,100173D,OK
59540352,1566844692,100173D,OK
59532892,1566834316,100173D,WRONG_ANSWER
59484113,1566751125,1208E,OK
59483857,1566751074,1208E,WRONG_ANSWER
59477914,1566749337,1208E,WRONG_ANSWER
59468694,1566746842,1208D,OK
59462278,1566745559,1208C,OK
59457161,1566744751,1208B,OK
59450065,1566743888,1208A,OK
59060974,1566164445,1205B,OK
59060826,1566164055,1205B,WRONG_ANSWER
59060804,1566163987,1205B,TIME_LIMIT_EXCEEDED
59060503,1566163144,1205C,OK
59060494,1566163126,1205C,COMPILATION_ERROR
59060293,1566162644,1205C,WRONG_ANSWER
59046478,1566143668,1205C,WRONG_ANSWER
59045837,1566143572,1205C,WRONG_ANSWER
59045747,1566143555,1205C,WRONG_ANSWER
59021539,1566138168,1205B,WRONG_ANSWER
59012039,1566136900,1205A,OK
58836557,1565817935,305E,OK
58836534,1565817856,305E,WRONG_ANSWER
58836450,1565817568,305E,WRONG_ANSWER
58836413,1565817439,305E,WRONG_ANSWER
58633642,1565560185,377B,OK
58633637,1565560170,377B,WRONG_ANSWER
58633048,1565558189,52C,OK
58632998,1565558029,52C,RUNTIME_ERROR
58632877,1565557652,52C,WRONG_ANSWER
58632860,1565557580,52C,WRONG_ANSWER
58632796,1565557354,52C,OK
58632750,1565557169,52C,TIME_LIMIT_EXCEEDED
58632724,1565557096,52C,WRONG_ANSWER
58256813,1564914383,101933A,OK
58256039,1564913007,101933D,OK
58255017,1564911290,101933E,OK
58253831,1564909463,101933J,OK
58253520,1564909002,101933H,OK
58253080,1564908373,101933J,WRONG_ANSWER
58251991,1564906652,101933I,OK
58251756,1564906281,101933K,OK
58250351,1564904009,101933C,OK
58250047,1564903521,101933B,OK
58121874,1564657674,1086B,OK
58115012,1564648520,1198C,OK
58031382,1564504252,1198C,OK
58005984,1564499145,1198B,OK
58000767,1564498376,1198A,OK
57602744,1563899509,1098D,OK
57602703,1563899460,1098D,WRONG_ANSWER
57601072,1563896977,101955G,TIME_LIMIT_EXCEEDED
57601047,1563896938,101955G,WRONG_ANSWER
57600870,1563896680,101955G,OK
57596319,1563890662,101955K,OK
57593912,1563887696,101955K,WRONG_ANSWER
57593897,1563887680,101955I,TIME_LIMIT_EXCEEDED
57593814,1563887549,101955I,WRONG_ANSWER
57593791,1563887516,101955K,TIME_LIMIT_EXCEEDED
57593382,1563886936,101955I,TIME_LIMIT_EXCEEDED
57591736,1563885061,101955K,RUNTIME_ERROR
57590415,1563883553,101955E,OK
57589235,1563882213,101955E,WRONG_ANSWER
57587270,1563880034,101955L,OK
57586916,1563879579,101955L,WRONG_ANSWER
57586063,1563878458,101955L,WRONG_ANSWER
57583952,1563875486,101955G,OK
57583875,1563875386,101955G,WRONG_ANSWER
57582371,1563873547,101955C,OK
57580349,1563871105,101955J,OK
57580246,1563870994,101955J,RUNTIME_ERROR
57559053,1563833594,1098D,OK
57558941,1563833212,1098D,WRONG_ANSWER
57558929,1563833184,1098D,OK
57558920,1563833157,1098D,OK
57558890,1563833077,1098D,OK
57558667,1563832283,1098D,WRONG_ANSWER
57506242,1563797320,1098C,OK
57505928,1563796927,1098C,WRONG_ANSWER
57501470,1563790859,1098B,OK
57498952,1563787653,1098A,OK
57498888,1563787559,1098A,WRONG_ANSWER
57498278,1563786883,1098A,WRONG_ANSWER
57418510,1563645280,1178G,OK
57409467,1563641922,1178E,OK
57398878,1563639185,1178D,OK
57394682,1563638420,1178C,OK
57394442,1563638379,1178C,COMPILATION_ERROR
57389423,1563637675,1178B,OK
57386517,1563637311,1178A,OK
57159465,1563301077,101908K,TIME_LIMIT_EXCEEDED
57158484,1563299372,101908K,TIME_LIMIT_EXCEEDED
57158415,1563299257,101908K,TIME_LIMIT_EXCEEDED
57158372,1563299193,101908K,TIME_LIMIT_EXCEEDED
57157764,1563298202,101908K,TIME_LIMIT_EXCEEDED
57143255,1563278315,101908A,OK
57142781,1563277711,101908A,WRONG_ANSWER
57141053,1563275068,101908L,OK
57139890,1563273175,101908C,OK
57139425,1563272483,101908F,OK
57138542,1563270996,101908B,OK
57137878,1563269874,101908B,WRONG_ANSWER
57137484,1563269340,101908G,OK
57136964,1563268580,101908I,OK
57136452,1563267902,101908E,OK
57136272,1563267678,101908D,OK
57096318,1563193351,1188A1,OK
57096259,1563193292,1188A1,WRONG_ANSWER
56685540,1562537124,1184C3,WRONG_ANSWER
56685417,1562536586,1184C3,WRONG_ANSWER
56685385,1562536479,1184C3,RUNTIME_ERROR
56685371,1562536413,1184C3,WRONG_ANSWER
56685325,1562536124,1184C3,MEMORY_LIMIT_EXCEEDED
56685278,1562535956,1184C3,WRONG_ANSWER
56671132,1562505077,1184B3,OK
56668337,1562500589,1184C3,WRONG_ANSWER
56668195,1562500404,1184B3,WRONG_ANSWER
56667846,1562499947,1184C3,WRONG_ANSWER
56667822,1562499914,1184B3,WRONG_ANSWER
56667503,1562499291,1184B3,WRONG_ANSWER
56667477,1562499276,1184B3,WRONG_ANSWER
56667467,1562499269,1184B3,WRONG_ANSWER
56667344,1562499189,1184C3,WRONG_ANSWER
56667020,1562498924,1184B3,WRONG_ANSWER
56666132,1562498161,1184B3,WRONG_ANSWER
56666039,1562498073,1184B3,WRONG_ANSWER
56659545,1562491711,1184E3,OK
56659329,1562491525,1184E2,OK
56656603,1562489223,1184B2,OK
56656076,1562488852,1184E2,OK
56655898,1562488724,1184E2,RUNTIME_ERROR
56653556,1562487043,1184C2,OK
56651841,1562485928,1184A2,OK
56651454,1562485703,1184E1,OK
56649141,1562484429,1184D1,OK
56649015,1562484359,1184C1,OK
56648553,1562484152,1184B1,OK
56648350,1562484060,1184C1,WRONG_ANSWER
56647870,1562483835,1184C1,WRONG_ANSWER
56646916,1562483295,1184A1,OK
56166226,1561645511,1183H,OK
56165419,1561644360,1183H,WRONG_ANSWER
56164960,1561643703,1183H,WRONG_ANSWER
56164951,1561643694,1183E,OK
56125317,1561568175,1183F,OK
56124219,1561567719,1183E,WRONG_ANSWER
56118271,1561566975,1183D,OK
56117945,1561566896,1183G,OK
56109552,1561564808,1183F,OK
56108651,1561564592,1183F,WRONG_ANSWER
56106769,1561564159,1183F,WRONG_ANSWER
56103931,1561563552,1183F,WRONG_ANSWER
56103568,1561563482,1183F,WRONG_ANSWER
56086159,1561560551,1183C,OK
56081767,1561560019,1183B,OK
56079691,1561559792,1183A,OK
56049941,1561487408,1103D,WRONG_ANSWER
56049533,1561486659,1103D,OK
56049176,1561486055,1103D,WRONG_ANSWER
56038113,1561467754,1104B,OK
56037987,1561467544,1104A,OK
56032121,1561457258,1103C,OK
56029939,1561453134,1103B,OK
56029192,1561451745,1103A,OK
55905378,1561151241,1179C,OK
55904098,1561143890,1179C,COMPILATION_ERROR
55885919,1561138887,1179B,OK
55878643,1561137304,1179A,OK
55807035,1560988043,1158F,OK
55806995,1560987905,1158F,TIME_LIMIT_EXCEEDED
55806979,1560987826,1158F,OK
55806855,1560987243,1158F,OK
55806821,1560987042,1158F,TIME_LIMIT_EXCEEDED
55806813,1560986995,1158F,WRONG_ANSWER
55806800,1560986942,1158F,WRONG_ANSWER
55806784,1560986891,1158F,WRONG_ANSWER
55806624,1560986140,1158F,TIME_LIMIT_EXCEEDED
55796320,1560965108,1158F,TIME_LIMIT_EXCEEDED
55796308,1560965071,1158E,IDLENESS_LIMIT_EXCEEDED
55754903,1560955582,1158F,TIME_LIMIT_EXCEEDED
55754887,1560955544,1158F,MEMORY_LIMIT_EXCEEDED
55754835,1560955429,1158F,TIME_LIMIT_EXCEEDED
55754792,1560955362,1158F,MEMORY_LIMIT_EXCEEDED
55720581,1560870262,1158D,WRONG_ANSWER
55720541,1560870179,1158D,WRONG_ANSWER
55720325,1560869792,1158D,OK
55719753,1560868782,1158D,WRONG_ANSWER
55715425,1560860872,1158C,OK
55714996,1560860133,1158C,OK
55714983,1560860101,1158C,TIME_LIMIT_EXCEEDED
55711147,1560853276,1158A,OK
55710068,1560851407,1158B,OK
55345874,1560092171,1176C,OK
55341830,1560091632,1176A,OK
55340123,1560091437,1176B,OK
54255910,1558036721,1167C,OK
53759148,1556995383,1161C,OK
53754937,1556992885,1161B,OK
53748281,1556990119,1161A,OK
53746323,1556989355,96A,OK
53746296,1556989309,96A,WRONG_ANSWER
53517918,1556551851,1149B,OK
53502818,1556548887,1149A,OK
53428216,1556376422,1157E,TIME_LIMIT_EXCEEDED
53428126,1556376271,1157E,WRONG_ANSWER
53099731,1555861250,1146E,TIME_LIMIT_EXCEEDED
53099488,1555860783,1146E,WRONG_ANSWER
53075780,1555796027,1146E,OK
53070672,1555789035,1146D,OK
53070628,1555789002,1146D,COMPILATION_ERROR
53064042,1555785388,1146C,OK
53063693,1555785261,1146C,WRONG_ANSWER
53059626,1555784054,1146B,OK
53057296,1555783636,1146A,OK
52784951,1555341864,101620L,OK
52783146,1555341775,101620L,WRONG_ANSWER
52781619,1555339144,101620I,OK
52779510,1555335266,101620H,OK
52778494,1555333599,101620G,OK
52777115,1555331553,101620F,OK
52776918,1555331212,101620F,TIME_LIMIT_EXCEEDED
52776544,1555330615,101620F,TIME_LIMIT_EXCEEDED
52776241,1555330139,101620F,TIME_LIMIT_EXCEEDED
52775745,1555329327,101620A,OK
52775600,1555329056,101620F,TIME_LIMIT_EXCEEDED
52774999,1555328034,101620F,TIME_LIMIT_EXCEEDED
52774843,1555327761,101620F,WRONG_ANSWER
52774401,1555326857,101620F,WRONG_ANSWER
52774365,1555326780,101620F,WRONG_ANSWER
52774002,1555325810,101620J,OK
52773547,1555324757,101620J,TIME_LIMIT_EXCEEDED
52496402,1554731628,100923C,WRONG_ANSWER
52496386,1554731609,100923C,WRONG_ANSWER
52496375,1554731593,100923C,WRONG_ANSWER
52496324,1554731528,100923C,WRONG_ANSWER
52496305,1554731504,100923C,WRONG_ANSWER
52494284,1554728469,100923G,OK
52493692,1554727549,100923F,OK
52493193,1554726805,100923E,OK
52491914,1554724949,100923K,OK
52491843,1554724849,100923K,WRONG_ANSWER
52490967,1554723505,100923D,OK
52489604,1554721217,100923D,WRONG_ANSWER
52489404,1554720904,100923D,WRONG_ANSWER
52489252,1554720715,100923H,OK
52488176,1554718913,100923E,WRONG_ANSWER
52487128,1554716423,100923I,OK
52487014,1554716147,100923B,OK
52487004,1554716115,100923L,OK
52486547,1554715158,100923B,WRONG_ANSWER
52486500,1554715036,100923B,WRONG_ANSWER
52486490,1554715006,100923B,WRONG_ANSWER
52486444,1554714916,100923B,WRONG_ANSWER
52486266,1554714534,100923I,TIME_LIMIT_EXCEEDED
52486058,1554714114,100923A,OK
52287490,1554324864,101635B,TIME_LIMIT_EXCEEDED
52287359,1554324431,101635B,OK
52287340,1554324373,101635B,COMPILATION_ERROR
52286848,1554322956,101635B,OK
52286471,1554322012,101635B,OK
52286204,1554321379,101635B,OK
52285887,1554320583,101635B,OK
52285884,1554320576,101635B,OK
52285863,1554320540,101635B,OK
52285830,1554320496,101635B,OK
52285819,1554320481,101635B,OK
52285811,1554320468,101635B,COMPILATION_ERROR
52285787,1554320409,101635B,OK
52285648,1554320055,101635B,OK
52285630,1554320014,101635B,OK
52285575,1554319880,101635B,OK
52285535,1554319815,101635B,OK
52285516,1554319775,101635B,OK
52285502,1554319748,101635B,OK
52285336,1554319410,101635B,TIME_LIMIT_EXCEEDED
52285164,1554319099,101635B,OK
52285084,1554318975,101635B,OK
52279111,1554307539,101635B,OK
52278907,1554307244,101635B,OK
52278895,1554307228,101635B,OK
52278876,1554307208,101635B,OK
52278707,1554306937,101635B,OK
52278685,1554306910,101635B,OK
52278661,1554306860,101635B,WRONG_ANSWER
52278632,1554306823,101635B,TIME_LIMIT_EXCEEDED
52278590,1554306749,101635B,OK
52278494,1554306582,101635B,OK
52278288,1554306235,101635B,OK
52278253,1554306175,101635B,OK
52277836,1554305550,101635B,OK
52277795,1554305487,101635B,OK
52277149,1554304522,101635B,OK
52277135,1554304505,101635B,WRONG_ANSWER
52277065,1554304405,101635B,OK
52275667,1554302463,101635B,OK
52274498,1554300981,101635B,TIME_LIMIT_EXCEEDED
52274320,1554300763,101635B,TIME_LIMIT_EXCEEDED
52274304,1554300745,101635B,COMPILATION_ERROR
52273956,1554300335,101635B,TIME_LIMIT_EXCEEDED
52273718,1554300065,101635B,TIME_LIMIT_EXCEEDED
52273449,1554299723,101635B,OK
52273410,1554299679,101635B,OK
52273385,1554299644,101635B,OK
52273277,1554299480,101635B,OK
52272350,1554298417,101635B,OK
52250766,1554248822,101635B,OK
52250733,1554248626,101635B,WRONG_ANSWER
52250722,1554248539,101635B,WRONG_ANSWER
52250704,1554248437,101635B,WRONG_ANSWER
52250641,1554248009,101635B,WRONG_ANSWER
52250532,1554247263,101635B,WRONG_ANSWER
52250481,1554246900,101635B,RUNTIME_ERROR
52250450,1554246640,101635B,WRONG_ANSWER
52250360,1554246140,101635B,TIME_LIMIT_EXCEEDED
52250038,1554244413,101635B,WRONG_ANSWER
52250022,1554244334,101635B,TIME_LIMIT_EXCEEDED
52250013,1554244302,101635B,WRONG_ANSWER
52249791,1554243286,101635B,TIME_LIMIT_EXCEEDED
52206226,1554139840,1145D,OK
52206210,1554139822,1145C,WRONG_ANSWER
52202238,1554137807,1145D,WRONG_ANSWER
52202004,1554137769,1145D,WRONG_ANSWER
52200575,1554137518,1145D,WRONG_ANSWER
52200438,1554137491,1145D,WRONG_ANSWER
52200113,1554137439,1145D,WRONG_ANSWER
52199756,1554137380,1145D,WRONG_ANSWER
52199645,1554137360,1145D,RUNTIME_ERROR
52199557,1554137346,1145D,WRONG_ANSWER
52199251,1554137291,1145D,WRONG_ANSWER
52198441,1554137159,1145D,WRONG_ANSWER
52198234,1554137121,1145D,WRONG_ANSWER
52197938,1554137074,1145D,WRONG_ANSWER
52197415,1554136991,1145D,WRONG_ANSWER
52197037,1554136937,1145D,WRONG_ANSWER
52196871,1554136907,1145D,WRONG_ANSWER
52196522,1554136851,1145D,WRONG_ANSWER
52196349,1554136818,1145D,WRONG_ANSWER
52196118,1554136785,1145D,WRONG_ANSWER
52195989,1554136764,1145C,RUNTIME_ERROR
52195796,1554136735,1145D,WRONG_ANSWER
52195654,1554136712,1145D,RUNTIME_ERROR
52195472,1554136682,1145D,WRONG_ANSWER
52194830,1554136586,1145D,WRONG_ANSWER
52194119,1554136471,1145D,WRONG_ANSWER
52193475,1554136371,1145D,WRONG_ANSWER
52193381,1554136359,1145D,WRONG_ANSWER
52192090,1554136160,1145D,WRONG_ANSWER
52189200,1554135741,1145C,OK
52188763,1554135677,1145C,WRONG_ANSWER
52188412,1554135629,1145C,WRONG_ANSWER
52187860,1554135549,1145C,WRONG_ANSWER
52187524,1554135498,1145C,WRONG_ANSWER
52187221,1554135456,1145C,WRONG_ANSWER
52187112,1554135442,1145C,WRONG_ANSWER
52187030,1554135429,1145C,WRONG_ANSWER
52186875,1554135407,1145C,WRONG_ANSWER
52186468,1554135350,1145C,WRONG_ANSWER
52186398,1554135339,1145C,WRONG_ANSWER
52185982,1554135278,1145C,WRONG_ANSWER
52185826,1554135258,1145C,WRONG_ANSWER
52185656,1554135234,1145C,WRONG_ANSWER
52185082,1554135151,1145C,WRONG_ANSWER
52184701,1554135096,1145C,WRONG_ANSWER
52184219,1554135025,1145C,WRONG_ANSWER
52183880,1554134975,1145C,WRONG_ANSWER
52183357,1554134909,1145C,WRONG_ANSWER
52182770,1554134835,1145C,WRONG_ANSWER
52182642,1554134817,1145C,WRONG_ANSWER
52182567,1554134807,1145C,WRONG_ANSWER
52182510,1554134799,1145C,WRONG_ANSWER
52182443,1554134791,1145C,WRONG_ANSWER
52182342,1554134777,1145C,WRONG_ANSWER
52182279,1554134768,1145C,WRONG_ANSWER
52182155,1554134747,1145C,WRONG_ANSWER
52182079,1554134738,1145C,WRONG_ANSWER
52181951,1554134719,1145C,WRONG_ANSWER
52181773,1554134696,1145C,WRONG_ANSWER
52181700,1554134688,1145C,WRONG_ANSWER
52181624,1554134681,1145C,WRONG_ANSWER
52181547,1554134670,1145C,WRONG_ANSWER
52181311,1554134643,1145C,WRONG_ANSWER
52180651,1554134552,1145C,WRONG_ANSWER
52180433,1554134523,1145C,WRONG_ANSWER
52180157,1554134491,1145C,WRONG_ANSWER
52172666,1554133434,1145D,WRONG_ANSWER
52172568,1554133421,1145D,WRONG_ANSWER
52171014,1554133190,1145D,WRONG_ANSWER
52170635,1554133125,1145D,WRONG_ANSWER
52167063,1554132552,1145E,COMPILATION_ERROR
52166329,1554132435,1145E,WRONG_ANSWER
52161044,1554131402,1145A,OK
52154602,1554123464,101635B,OK
52151923,1554119829,101635D,OK
52148544,1554115156,101635E,OK
52147667,1554113598,101635G,OK
52147420,1554113174,101635G,WRONG_ANSWER
52146038,1554110598,101635K,OK
52144922,1554108604,101635A,OK
52144596,1554108055,101635J,OK
52144400,1554107753,101635C,OK
52143924,1554106882,101635F,OK
52056282,1553976547,1143B,OK
52056263,1553976518,1143B,COMPILATION_ERROR
52054106,1553972905,1142A,OK
52051260,1553971852,1142B,OK
52044082,1553969201,1142A,WRONG_ANSWER
52037959,1553967486,1142A,WRONG_ANSWER
51766820,1553357692,390A,OK
51766613,1553357338,390A,OK
51766568,1553357267,390A,OK
51766497,1553357131,390A,OK
51766209,1553356646,390A,TIME_LIMIT_EXCEEDED
51766099,1553356479,390A,TIME_LIMIT_EXCEEDED
51765479,1553355442,390A,OK
51658812,1553214794,393A,OK
51658770,1553214630,393A,WRONG_ANSWER
51395540,1552795907,101470F,OK
51395532,1552795879,101470F,OK
51395397,1552795548,101470F,OK
51395094,1552794554,101470F,OK
51395087,1552794526,101470F,OK
51395069,1552794473,101470F,OK
50806681,1551765785,914F,OK
50806677,1551765775,914F,OK
50806621,1551765637,896E,OK
50806604,1551765597,896E,OK
50806582,1551765533,896E,TIME_LIMIT_EXCEEDED
50806560,1551765473,896E,OK
50805431,1551762064,896E,TIME_LIMIT_EXCEEDED
50805155,1551761097,900C,WRONG_ANSWER
50805142,1551761047,900C,WRONG_ANSWER
50805111,1551760937,900C,WRONG_ANSWER
50805027,1551760608,900C,WRONG_ANSWER
50804984,1551760457,900C,WRONG_ANSWER
50804557,1551758650,914F,OK
50804552,1551758615,914F,OK
50804376,1551757872,914F,OK
50804326,1551757699,914F,OK
50804314,1551757629,914F,OK
50804191,1551757238,914F,OK
50804111,1551756911,914F,OK
50803789,1551755689,914F,OK
50803736,1551755518,914F,OK
50781221,1551698846,914F,OK
50781199,1551698803,914F,OK
50781040,1551698554,914F,OK
50780729,1551698049,914F,TIME_LIMIT_EXCEEDED
50780650,1551697938,914F,WRONG_ANSWER
50780419,1551697537,914F,WRONG_ANSWER
50780372,1551697452,914F,RUNTIME_ERROR
50780316,1551697345,914F,WRONG_ANSWER
50764493,1551651826,914F,TIME_LIMIT_EXCEEDED
50764457,1551651709,914F,RUNTIME_ERROR
50764263,1551650770,914F,TIME_LIMIT_EXCEEDED
50699876,1551558201,1129D,OK
50699866,1551558163,1129D,OK
50528334,1551184902,983B,OK
50528231,1551184777,1091D,OK
50528032,1551184547,1129A2,OK
50527959,1551184451,1129D,OK
50463220,1551033973,1129A2,OK
50463203,1551033954,1129A1,OK
50462369,1551033318,1129A1,TIME_LIMIT_EXCEEDED
50460185,1551029524,1129A1,WRONG_ANSWER
50459482,1551029309,1129A1,WRONG_ANSWER
50454278,1551027445,1129D,OK
50383070,1550923657,1131D,OK
50366590,1550919532,1131F,OK
50362049,1550918626,1131C,OK
50358596,1550917991,1131B,OK
50355302,1550917501,1131A,OK
50198673,1550594984,1118F2,WRONG_ANSWER
50198576,1550594973,1118F2,WRONG_ANSWER
50198345,1550594941,1118F2,WRONG_ANSWER
50196226,1550594420,1118F2,WRONG_ANSWER
50187079,1550591693,1118E,OK
50183971,1550590786,1118F1,OK
50181827,1550590154,1118D1,OK
50181788,1550590142,1118D2,OK
50176695,1550588731,1118C,OK
50170600,1550587480,1118B,OK
50167026,1550587044,1118A,OK
49598988,1549557302,1110D,OK
49598792,1549557214,1110D,OK
49595520,1549553307,1110D,WRONG_ANSWER
49595439,1549553284,1110D,WRONG_ANSWER
49580301,1549549336,1110C,OK
49568519,1549547203,1110B,OK
49564124,1549546750,1110A,OK
47750530,1546184433,1091D,OK
47741908,1546182347,1091C,OK
47733917,1546181214,1091B,OK
47727202,1546180648,1091A,OK
46937561,1544625597,100100A,OK
46227900,1543172694,1056F,WRONG_ANSWER
46223192,1543170147,1056E,OK
46217363,1543166924,1056D,OK
46216194,1543166348,1056C,OK
46213991,1543165271,1056B,OK
46210394,1543164012,1056A,OK
45653560,1542082630,100100C,OK
45653472,1542082260,100100C,WRONG_ANSWER
45536850,1541869224,1055C,OK
45534065,1541867935,1055D,OK
45533408,1541867612,1055D,WRONG_ANSWER
45520726,1541862304,1055B,OK
45517033,1541861361,1055A,OK
45306238,1541369167,1074F,OK
45305063,1541363998,1074F,WRONG_ANSWER
45304985,1541363983,1074F,WRONG_ANSWER
45304786,1541363926,1074F,WRONG_ANSWER
45304710,1541363896,1074F,RUNTIME_ERROR
45304636,1541363858,1074F,RUNTIME_ERROR
45303933,1541363449,1074F,WRONG_ANSWER
45300441,1541360941,1074C,OK
45295907,1541358096,1074B,OK
45291642,1541356117,1074A,OK
44490492,1539872244,100166D,OK
44152510,1539277385,1065F,WRONG_ANSWER
44151560,1539276581,1065F,WRONG_ANSWER
44151426,1539276559,1065F,WRONG_ANSWER
44150096,1539276215,1065F,WRONG_ANSWER
44143524,1539274124,1065D,CHALLENGED
44127633,1539270771,1065C,OK
44123532,1539270250,1065B,OK
44121916,1539270040,1065B,WRONG_ANSWER
44117370,1539269530,1065A,OK
44107903,1539252957,1060D,OK
44107856,1539252873,1060D,WRONG_ANSWER
43942383,1538913855,101472J,TIME_LIMIT_EXCEEDED
43942355,1538913818,101472J,TIME_LIMIT_EXCEEDED
43941520,1538912448,101472J,TIME_LIMIT_EXCEEDED
43941499,1538912412,101472J,WRONG_ANSWER
43941464,1538912355,101472J,WRONG_ANSWER
43941032,1538911651,101472H,OK
43939746,1538909491,101472J,TIME_LIMIT_EXCEEDED
43939534,1538909130,101472D,OK
43937057,1538904539,101472D,WRONG_ANSWER
43936486,1538903476,101472G,OK
43936374,1538903261,101472G,RUNTIME_ERROR
43936282,1538903098,101472B,OK
43935884,1538902596,101472G,RUNTIME_ERROR
43935092,1538901740,101472A,OK
43933532,1538900017,101472I,OK
43933087,1538899423,101472E,OK
43933030,1538899353,101472E,WRONG_ANSWER
43932216,1538898439,101472C,OK
43780226,1538645678,1060D,COMPILATION_ERROR
43779846,1538645491,1060D,WRONG_ANSWER
43778605,1538644651,1060E,OK
43777052,1538643674,1060E,WRONG_ANSWER
43766967,1538638854,1060C,OK
43761372,1538637485,1060B,OK
43759346,1538637093,1060A,OK
43226882,1537565977,1034B,OK
43216697,1537547651,1034B,OK
43214568,1537547203,1034B,SKIPPED
43204081,1537544257,1034A,OK
43187820,1537540982,1034A,CHALLENGED
42613036,1536322367,1038E,OK
42582353,1536253157,1038D,OK
42571953,1536250376,1038C,OK
42565221,1536249161,1038B,OK
42559264,1536248277,1038A,OK
41713357,1534521803,1023E,OK
41708901,1534520660,1023D,OK
41700724,1534518885,1023C,OK
41693293,1534517747,1023B,OK
41687568,1534516981,1023A,OK
41687246,1534516923,1023A,WRONG_ANSWER
41376816,1533764469,100083C,OK
41376729,1533764241,100083C,TIME_LIMIT_EXCEEDED
41376640,1533763858,100083C,WRONG_ANSWER
41376615,1533763786,100083C,WRONG_ANSWER
41258995,1533516577,992E,OK
41258987,1533516560,992E,OK
41258971,1533516518,992E,OK
41258945,1533516358,992E,OK
41258916,1533516253,992E,TIME_LIMIT_EXCEEDED
41258881,1533516091,992E,TIME_LIMIT_EXCEEDED
41258850,1533516008,992E,RUNTIME_ERROR
41258822,1533515898,992E,RUNTIME_ERROR
41258807,1533515851,992E,TIME_LIMIT_EXCEEDED
41258789,1533515771,992E,RUNTIME_ERROR
41258779,1533515719,992E,RUNTIME_ERROR
41258768,1533515667,992E,WRONG_ANSWER
41258764,1533515642,992E,TIME_LIMIT_EXCEEDED
41258705,1533515370,992E,TIME_LIMIT_EXCEEDED
41258651,1533515054,992E,WRONG_ANSWER
41258537,1533514323,992E,WRONG_ANSWER
41258507,1533514083,992E,WRONG_ANSWER
41257884,1533509356,992E,TIME_LIMIT_EXCEEDED
41257883,1533509338,992E,TIME_LIMIT_EXCEEDED
41257875,1533509290,992E,TIME_LIMIT_EXCEEDED
41257870,1533509270,992E,TIME_LIMIT_EXCEEDED
41257859,1533509215,992E,COMPILATION_ERROR
41257854,1533509197,992E,TIME_LIMIT_EXCEEDED
41257852,1533509180,992E,TIME_LIMIT_EXCEEDED
41257846,1533509135,992E,TIME_LIMIT_EXCEEDED
41257804,1533508883,992E,TIME_LIMIT_EXCEEDED
41257801,1533508854,992E,TIME_LIMIT_EXCEEDED
41257798,1533508841,992E,TIME_LIMIT_EXCEEDED
41257793,1533508810,992E,TIME_LIMIT_EXCEEDED
41257788,1533508785,992E,TIME_LIMIT_EXCEEDED
41257786,1533508766,992E,TIME_LIMIT_EXCEEDED
41257776,1533508718,992E,TIME_LIMIT_EXCEEDED
41257742,1533508515,992E,RUNTIME_ERROR
41250299,1533483799,1015F,OK
41250275,1533483756,1015F,TIME_LIMIT_EXCEEDED
41250105,1533483332,1015F,OK
41250064,1533483251,1015F,WRONG_ANSWER
41066286,1533063933,1015E1,OK
41066279,1533063923,1015E2,OK
41065380,1533062129,1015D,OK
41038992,1533050236,1015D,WRONG_ANSWER
41034966,1533049465,1015D,WRONG_ANSWER
41029045,1533048375,1015C,OK
41027500,1533048132,1015B,OK
41025503,1533047869,1015A,OK
41025480,1533047862,1015A,COMPILATION_ERROR
41010281,1533039299,1014A2,PARTIAL
40975769,1532964096,1012A,OK
40957058,1532942601,1012B,OK
40945017,1532939461,1012A,WRONG_ANSWER
40904340,1532837057,1014A2,SKIPPED
40904198,1532836635,1014A2,SKIPPED
40904192,1532836618,1014A2,SKIPPED
40904182,1532836603,1014A2,SKIPPED
40904036,1532836273,1014A2,SKIPPED
40903843,1532835761,1014A2,SKIPPED
40903796,1532835655,1014A2,SKIPPED
40903784,1532835618,1014A2,SKIPPED
40903695,1532835400,1014A2,SKIPPED
40903664,1532835277,1014A2,SKIPPED
40903180,1532834136,1014A2,SKIPPED
40903168,1532834099,1014A2,SKIPPED
40903147,1532834045,1014A2,SKIPPED
40902072,1532831412,1014A2,SKIPPED
40901451,1532829907,1014A2,SKIPPED
40901369,1532829748,1014A2,SKIPPED
40895774,1532806792,1014A2,SKIPPED
40895768,1532806774,1014A2,SKIPPED
40894304,1532802332,1014A2,SKIPPED
40894042,1532801578,1014A2,SKIPPED
40893765,1532800781,1014A2,SKIPPED
40893582,1532800255,1014A2,SKIPPED
40893577,1532800245,1014A2,SKIPPED
40892951,1532798714,1014A2,SKIPPED
40892824,1532798383,1014A2,SKIPPED
40890035,1532791088,1014A2,SKIPPED
40890000,1532791018,1014A2,SKIPPED
40889987,1532790985,1014A2,SKIPPED
40889944,1532790885,1014A2,SKIPPED
40889889,1532790724,1014A2,SKIPPED
40889860,1532790674,1014A2,SKIPPED
40889845,1532790643,1014A2,SKIPPED
40889691,1532790165,1014A2,SKIPPED
40889683,1532790133,1014A2,SKIPPED
40889563,1532789796,1014A2,SKIPPED
40889558,1532789778,1014A2,SKIPPED
40889555,1532789764,1014A2,SKIPPED
40889366,1532789335,1014A2,SKIPPED
40889347,1532789272,1014A2,SKIPPED
40864196,1532742573,1014A2,SKIPPED
40864186,1532742552,1014A2,SKIPPED
40848902,1532698359,1014A2,SKIPPED
40848865,1532698303,1014A2,SKIPPED
40819816,1532643150,1011B,OK
40819744,1532642855,1011A,OK
40807559,1532623632,1010D,OK
40800750,1532621648,1010B,OK
40799783,1532621375,1010B,WRONG_ANSWER
40796676,1532620542,1010C,OK
40785372,1532618198,1010A,OK
40782461,1532615922,1014A2,SKIPPED
40782176,1532615316,1014A2,SKIPPED
40782070,1532615091,101021A,OK
40781994,1532614941,101021A,WRONG_ANSWER
40781947,1532614843,101021A,WRONG_ANSWER
40781934,1532614815,101021A,COMPILATION_ERROR
40781902,1532614743,101021A,WRONG_ANSWER
40781893,1532614729,101021A,COMPILATION_ERROR
40781513,1532613852,1014A2,SKIPPED
40781390,1532613618,1014A2,SKIPPED
40781222,1532613245,1014A2,SKIPPED
40781084,1532612973,1014A2,SKIPPED
40780617,1532611991,1014A2,SKIPPED
40780495,1532611776,1014A2,SKIPPED
40780336,1532611498,1014A2,SKIPPED
40779535,1532610094,1014A2,SKIPPED
40779069,1532609281,1014A2,SKIPPED
40778551,1532608404,1014A2,SKIPPED
40760670,1532574969,1014A2,SKIPPED
40759016,1532570927,1014A2,SKIPPED
40736085,1532512942,1014A2,SKIPPED
40736000,1532512800,1014A2,SKIPPED
40735902,1532512609,1014A2,SKIPPED
40735518,1532511907,1014A2,SKIPPED
40735263,1532511296,1014A2,SKIPPED
40735239,1532511253,1014A2,SKIPPED
40735218,1532511220,1014A2,SKIPPED
40735122,1532511046,1014A2,SKIPPED
40734938,1532510658,1014A2,SKIPPED
40711334,1532448721,1014A2,SKIPPED
40710962,1532447872,1014A2,SKIPPED
40710663,1532447256,1014A2,SKIPPED
40710625,1532447162,1014A2,SKIPPED
40709966,1532445651,1014A2,SKIPPED
40452715,1531770554,1008B,OK
40452609,1531770243,1006F,OK
40445525,1531758897,1006F,MEMORY_LIMIT_EXCEEDED
40445247,1531758859,1006F,OK
40429391,1531754679,1006E,OK
40424768,1531753641,1006D,OK
40419606,1531752536,1006C,OK
40418120,1531752202,1006B,OK
40415500,1531751871,1006A,OK
40415156,1531751637,1008A,OK
40415143,1531751573,1008A,WRONG_ANSWER
40355150,1531596494,1009F,OK
40355124,1531596450,1009F,RUNTIME_ERROR
40340675,1531583653,1009E,OK
40333938,1531581732,1009D,OK
40329756,1531580676,1009C,OK
40325450,1531579611,1009B,OK
40322229,1531579137,1009A,OK
40290429,1531499504,1007B,WRONG_ANSWER
40272737,1531493736,1007B,WRONG_ANSWER
40265096,1531492792,1007A,OK
40244697,1531435755,1005E2,OK
40244622,1531435244,1005E2,OK
40244493,1531434408,1005E2,OK
40244386,1531433833,1005E2,OK
40244083,1531431842,1005D,OK
40244017,1531431470,1005D,WRONG_ANSWER
40243487,1531429192,1005D,WRONG_ANSWER
40243467,1531429129,1005D,WRONG_ANSWER
40242852,1531427262,1005F,OK
40131023,1531153258,1005E1,OK
40127658,1531152446,1005C,OK
40123913,1531151653,1005D,OK
40118599,1531150861,1005B,OK
40117625,1531150698,1005A,OK
39852362,1530484327,997A,OK
39844797,1530461074,997B,OK
39844628,1530461003,997B,WRONG_ANSWER
39828397,1530454925,997A,CHALLENGED
39630498,1529871285,995A,OK
39629117,1529865262,995A,WRONG_ANSWER
39627375,1529864699,995A,WRONG_ANSWER
39621404,1529861920,995B,OK
39616138,1529859899,995A,WRONG_ANSWER
39387169,1529346635,992D,OK
39376308,1529343485,992C,OK
39376121,1529343445,992C,WRONG_ANSWER
39375527,1529343284,992C,WRONG_ANSWER
39368573,1529341504,992B,OK
39361913,1529339921,992A,OK
39318403,1529181862,993A,OK
39318339,1529181767,993A,OK
39308643,1529172507,993C,OK
39308086,1529172291,993C,WRONG_ANSWER
39301740,1529169771,993B,OK
39295731,1529167820,993A,WRONG_ANSWER
39200488,1528833684,989D,OK
39166658,1528730784,989C,OK
39165600,1528730189,989C,TIME_LIMIT_EXCEEDED
39152689,1528725068,989B,OK
39148667,1528724410,989A,OK
38857381,1527870208,988F,OK
38856383,1527869881,988F,TIME_LIMIT_EXCEEDED
38855912,1527869720,988F,TIME_LIMIT_EXCEEDED
38853947,1527869060,988F,WRONG_ANSWER
38849449,1527867571,988D,OK
38847776,1527867032,988E,OK
38845537,1527866371,988E,WRONG_ANSWER
38845071,1527866248,988E,WRONG_ANSWER
38844565,1527866110,988E,WRONG_ANSWER
38837882,1527864615,988C,OK
38835438,1527864216,988B,OK
38832966,1527863865,988A,OK
38832882,1527863587,978A,OK
38750046,1527615703,986C,TIME_LIMIT_EXCEEDED
38750015,1527615677,986C,WRONG_ANSWER
38744008,1527612845,986B,OK
38743880,1527612813,986B,COMPILATION_ERROR
38741500,1527612053,986B,WRONG_ANSWER
38738572,1527611198,986B,WRONG_ANSWER
38737698,1527610977,986B,WRONG_ANSWER
38730633,1527609534,986A,OK
38675960,1527442757,981D,OK
38664143,1527434433,981C,OK
38661213,1527433523,981B,OK
38658697,1527432992,981A,OK
38510705,1526920969,985E,CHALLENGED
38506106,1526919622,985D,OK
38504947,1526919216,985D,WRONG_ANSWER
38498787,1526917212,985C,OK
38494068,1526915781,985C,WRONG_ANSWER
38489076,1526914592,985B,OK
38487094,1526914231,985A,OK
38486617,1526914139,985A,WRONG_ANSWER
38287307,1526399316,983B,OK
38279324,1526396923,983A,OK
38276772,1526396419,983A,TIME_LIMIT_EXCEEDED
38056210,1525818764,980E,OK
38056166,1525818510,980E,OK
38056159,1525818447,980E,TIME_LIMIT_EXCEEDED
38056091,1525817956,980E,WRONG_ANSWER
38056078,1525817908,980E,WRONG_ANSWER
38052177,1525805317,980D,OK
38052105,1525805182,980D,WRONG_ANSWER
38046963,1525798347,980E,WRONG_ANSWER
38044041,1525797281,980D,WRONG_ANSWER
38036922,1525794883,980B,OK
38036738,1525794831,980B,WRONG_ANSWER
38032784,1525793694,980C,OK
38024895,1525792135,980A,OK
37975096,1525626343,977D,OK
37974972,1525626146,977D,TIME_LIMIT_EXCEEDED
37952985,1525618536,977F,OK
37948842,1525617908,977D,OK
37945265,1525617370,977E,OK
37937326,1525616421,977B,OK
37936602,1525616346,977C,OK
37931199,1525615661,977A,OK
37728414,1525016684,925D,WRONG_ANSWER
37726644,1525015953,925C,OK
37726297,1525015767,925D,TIME_LIMIT_EXCEEDED
37726202,1525015714,925D,WRONG_ANSWER
37726159,1525015689,925D,WRONG_ANSWER
37720130,1525012397,925D,WRONG_ANSWER
37713784,1525009655,925B,OK
37713048,1525009414,925A,OK
37641662,1524756786,927A,PARTIAL
37641584,1524756562,927A,SKIPPED
37641544,1524756468,927A,SKIPPED
37641307,1524755939,927A,SKIPPED
37641260,1524755828,927A,SKIPPED
37641154,1524755600,927A,SKIPPED
37641069,1524755434,927A,SKIPPED
37640992,1524755282,927A,SKIPPED
37640970,1524755241,927A,SKIPPED
37640808,1524754925,927A,SKIPPED
37640504,1524754245,927A,SKIPPED
37640488,1524754205,927A,SKIPPED
37640484,1524754201,927A,SKIPPED
37640390,1524754012,927A,SKIPPED
37640316,1524753862,927A,SKIPPED
37640309,1524753848,927A,SKIPPED
37640259,1524753747,927A,SKIPPED
37640248,1524753717,927A,SKIPPED
37640174,1524753579,927A,SKIPPED
37640025,1524753275,927A,SKIPPED
37639926,1524753111,927A,SKIPPED
37639917,1524753098,927A,SKIPPED
37639618,1524752612,927A,SKIPPED
37639604,1524752576,927A,SKIPPED
37639476,1524752335,927A,SKIPPED
37639373,1524752129,927A,SKIPPED
37639169,1524751749,927A,SKIPPED
37638905,1524751290,927A,SKIPPED
37638382,1524750325,927A,SKIPPED
37638352,1524750264,927A,SKIPPED
37638086,1524749781,927A,SKIPPED
37638080,1524749771,927A,SKIPPED
37637908,1524749519,927A,SKIPPED
37637822,1524749363,927A,SKIPPED
37635935,1524746323,927A,SKIPPED
37635091,1524744971,927A,SKIPPED
37634977,1524744789,927A,SKIPPED
37634944,1524744742,927A,SKIPPED
37634872,1524744613,927A,SKIPPED
37634765,1524744461,927A,SKIPPED
37634713,1524744374,927A,SKIPPED
37634582,1524744152,927A,SKIPPED
37634542,1524744100,927A,SKIPPED
37634439,1524743930,927A,SKIPPED
37633943,1524742805,927A,SKIPPED
37633559,1524742051,927A,SKIPPED
37633464,1524741809,927A,SKIPPED
37633285,1524741518,927A,SKIPPED
37632413,1524739829,927A,SKIPPED
37631538,1524738025,927A,SKIPPED
37631412,1524737728,927A,SKIPPED
37628073,1524729911,927A,SKIPPED
37627670,1524729007,927A,SKIPPED
37627555,1524728836,927A,SKIPPED
37627184,1524727873,927A,SKIPPED
37626817,1524726938,927A,SKIPPED
37626796,1524726872,927A,SKIPPED
37626773,1524726812,927A,SKIPPED
37626713,1524726641,927A,SKIPPED
37626628,1524726393,927A,SKIPPED
37626597,1524726294,927A,SKIPPED
37626517,1524726050,927A,SKIPPED
37626488,1524725949,927A,SKIPPED
37626372,1524725535,927A,SKIPPED
37626361,1524725495,927A,SKIPPED
37626217,1524725069,927A,SKIPPED
37626075,1524724640,927A,SKIPPED
37625957,1524724313,927A,SKIPPED
37623102,1524709333,927A,SKIPPED
37622998,1524708960,927A,SKIPPED
37622902,1524708415,927A,SKIPPED
37622715,1524707029,927A,SKIPPED
37622662,1524706705,927A,SKIPPED
37622639,1524706611,927A,SKIPPED
37622587,1524706358,927A,SKIPPED
37622567,1524706248,927A,SKIPPED
37622545,1524706151,927A,SKIPPED
37622536,1524706076,927A,SKIPPED
37622524,1524705950,927A,SKIPPED
37622498,1524705747,927A,SKIPPED
37622480,1524705627,927A,SKIPPED
37622462,1524705523,927A,SKIPPED
37622437,1524705401,927A,SKIPPED
37622388,1524705027,927A,SKIPPED
37622322,1524704640,927A,SKIPPED
37622297,1524704492,927A,SKIPPED
37621560,1524699185,927A,SKIPPED
37621447,1524698454,927A,SKIPPED
37621275,1524697386,927A,SKIPPED
37621081,1524696315,927A,SKIPPED
37621020,1524696037,927A,SKIPPED
37621013,1524696006,927A,SKIPPED
37620989,1524695880,927A,SKIPPED
37620985,1524695857,927A,SKIPPED
37620920,1524695586,927A,SKIPPED
37620913,1524695573,927A,SKIPPED
37620819,1524695020,927A,SKIPPED
37620460,1524693487,927A,SKIPPED
37620385,1524693143,927A,SKIPPED
37619364,1524689787,927A,SKIPPED
37619248,1524689491,927A,SKIPPED
37619197,1524689388,927A,SKIPPED
37618783,1524688344,927A,SKIPPED
37618721,1524688183,927A,SKIPPED
37618697,1524688134,927A,SKIPPED
37612836,1524682244,927A,SKIPPED
37612762,1524682201,927A,SKIPPED
37591457,1524645818,927A,SKIPPED
37586044,1524619360,927A,SKIPPED
37585589,1524616230,927A,SKIPPED
37585576,1524616155,927A,SKIPPED
37585571,1524616141,927A,SKIPPED
37585569,1524616118,927A,SKIPPED
37585565,1524616093,927A,SKIPPED
37585562,1524616075,927A,SKIPPED
37585198,1524613255,927A,SKIPPED
37585184,1524613156,927A,SKIPPED
37585180,1524613136,927A,SKIPPED
37585170,1524613086,927A,SKIPPED
37583216,1524601735,927A,SKIPPED
37583097,1524601290,927A,SKIPPED
37582967,1524600875,927A,SKIPPED
37582962,1524600853,927A,SKIPPED
37582947,1524600788,927A,SKIPPED
37582935,1524600756,927A,SKIPPED
37582928,1524600733,927A,SKIPPED
37558621,1524512950,927A,SKIPPED
37558393,1524512065,927A,SKIPPED
37558350,1524511870,927A,SKIPPED
37557814,1524510018,927A,SKIPPED
37557560,1524509095,927A,SKIPPED
37557529,1524509002,927A,SKIPPED
37411543,1523980331,963B,OK
37410914,1523980058,963B,TIME_LIMIT_EXCEEDED
37408126,1523978655,963A,OK
37407270,1523978215,963A,WRONG_ANSWER
37406579,1523977828,963A,WRONG_ANSWER
37402567,1523975787,963A,RUNTIME_ERROR
36858168,1522603924,952B,WRONG_ANSWER
36857971,1522603884,952B,COMPILATION_ERROR
36857331,1522603757,952B,WRONG_ANSWER
36857222,1522603736,952B,WRONG_ANSWER
36854786,1522603182,952F,WRONG_ANSWER
36845265,1522601528,952E,WRONG_ANSWER
36841032,1522600940,952B,IDLENESS_LIMIT_EXCEEDED
36840463,1522600870,952B,WRONG_ANSWER
36840333,1522600854,952B,WRONG_ANSWER
36840201,1522600837,952B,WRONG_ANSWER
36840089,1522600820,952B,WRONG_ANSWER
36839991,1522600809,952B,WRONG_ANSWER
36839571,1522600757,952B,WRONG_ANSWER
36837450,1522600490,952B,WRONG_ANSWER
36836822,1522600420,952B,WRONG_ANSWER
36836266,1522600361,952B,WRONG_ANSWER
36832704,1522599982,952B,WRONG_ANSWER
36831943,1522599899,952B,WRONG_ANSWER
36830196,1522599732,952B,WRONG_ANSWER
36829836,1522599690,952B,WRONG_ANSWER
36828828,1522599598,952B,WRONG_ANSWER
36825917,1522599327,952B,WRONG_ANSWER
36820280,1522598847,952B,WRONG_ANSWER
36818581,1522598690,952B,WRONG_ANSWER
36815512,1522598397,952D,OK
36810631,1522597940,952C,OK
36806166,1522597414,952B,WRONG_ANSWER
36805994,1522597392,952B,COMPILATION_ERROR
36804859,1522597242,952B,WRONG_ANSWER
36802578,1522596949,952A,OK
36589464,1521908643,924C,OK
36583004,1521906788,924B,OK
36582726,1521906732,924B,WRONG_ANSWER
36581315,1521906461,924B,WRONG_ANSWER
36580484,1521906303,924A,OK
36171622,1520702148,923D,WRONG_ANSWER
36171301,1520702021,923D,WRONG_ANSWER
36171002,1520701896,923D,WRONG_ANSWER
36170318,1520701621,923D,WRONG_ANSWER
36168206,1520700780,923C,OK
36161171,1520698098,923B,OK
36157999,1520697113,923A,OK
35952181,1520202777,931C,OK
35951962,1520201917,931B,OK
35951884,1520201515,931A,OK
35951872,1520201476,931A,WRONG_ANSWER
35951703,1520200631,930D,OK
35939452,1520181906,930C,OK
35933357,1520179366,930B,OK
35928033,1520178037,930A,OK
35775796,1519768334,939F,OK
35745690,1519679289,939E,OK
35745181,1519677502,939D,OK
35744857,1519676526,939C,OK
35744368,1519675429,939B,OK
35744268,1519675179,939A,OK
35685313,1519572423,928B,OK
35664184,1519515561,928D,OK
35659775,1519502573,928A,OK
32959003,1512513770,578C,OK
32958992,1512513688,578C,RUNTIME_ERROR
31653390,1508779098,877C,OK
31641826,1508775264,877C,WRONG_ANSWER
31638625,1508774491,877B,OK
31635482,1508773930,877A,OK
31405656,1508156385,875C,OK
31396017,1508153484,875B,OK
31390385,1508152436,875A,OK
31389991,1508152367,875A,WRONG_ANSWER
31335901,1508055206,871A,OK
29903113,1504041881,842D,OK
29903100,1504041809,842D,RUNTIME_ERROR
29896043,1504025819,842C,OK
29894538,1504025293,842C,TIME_LIMIT_EXCEEDED
29892743,1504024641,842C,TIME_LIMIT_EXCEEDED
29889947,1504023623,842C,MEMORY_LIMIT_EXCEEDED
29872910,1504019732,842B,OK
29869176,1504019276,842A,OK
29756264,1503599767,843B,OK
29756057,1503599670,843B,TIME_LIMIT_EXCEEDED
29754735,1503599005,843B,WRONG_ANSWER
29753863,1503598580,843B,RUNTIME_ERROR
29753750,1503598531,843B,RUNTIME_ERROR
29750771,1503597138,843B,RUNTIME_ERROR
29750581,1503597058,843B,COMPILATION_ERROR
29750441,1503596995,843B,COMPILATION_ERROR
29748892,1503596344,843B,WRONG_ANSWER
29741046,1503593742,843A,OK
29444044,1502660600,100133L,OK
29444036,1502660554,100133L,RUNTIME_ERROR
29443328,1502656534,100133I,TIME_LIMIT_EXCEEDED
29443311,1502656431,100133I,TIME_LIMIT_EXCEEDED
29443301,1502656387,100133I,WRONG_ANSWER
29443294,1502656337,100133I,WRONG_ANSWER
29443285,1502656294,100133I,RUNTIME_ERROR
29443280,1502656256,100133I,MEMORY_LIMIT_EXCEEDED
29443209,1502655918,100133D,OK
29443016,1502655003,100133C,OK
29442982,1502654844,100133C,OK
29442958,1502654776,100133C,WRONG_ANSWER
29442920,1502654621,100133C,TIME_LIMIT_EXCEEDED
29442742,1502654054,100133B,OK
29442352,1502652621,100133B,OK
29442080,1502651630,100133B,OK
29066621,1501515232,835D,OK
29059817,1501513177,835C,OK
29053209,1501512065,835B,OK
29051688,1501511878,835A,OK
29051516,1501511829,835A,WRONG_ANSWER
28887732,1501020039,815C,OK
28887705,1501019845,815C,MEMORY_LIMIT_EXCEEDED
28887688,1501019756,815C,WRONG_ANSWER
28887676,1501019667,815C,WRONG_ANSWER
28887657,1501019529,815C,WRONG_ANSWER
28887468,1501018428,815C,WRONG_ANSWER
28523004,1499964535,830B,OK
28519590,1499962841,830B,WRONG_ANSWER
28511398,1499959687,830A,OK
28033537,1498405810,821B,OK
28030139,1498404348,821B,WRONG_ANSWER
28025874,1498402670,821A,OK
27892247,1497826781,815B,OK
27892239,1497826694,815B,WRONG_ANSWER
27892192,1497826328,815B,OK
27892157,1497826094,815B,TIME_LIMIT_EXCEEDED
27850522,1497711052,815A,OK
27436638,1496095021,100133C,OK
27436502,1496094038,100133C,OK
27436493,1496094001,100133C,OK
27251283,1495309921,809B,OK
27243032,1495305164,809A,OK
27241160,1495304484,809A,WRONG_ANSWER
27080581,1494671569,794C,OK
27080046,1494671288,794C,WRONG_ANSWER
27076665,1494669628,794C,WRONG_ANSWER
27075362,1494669107,794B,OK
27072573,1494668297,794A,OK
26945088,1494185406,806B,OK
26942741,1494181780,806B,OK
26942366,1494181508,806B,SKIPPED
26941404,1494180790,806B,WRONG_ANSWER
26930789,1494173624,806A,OK
26910309,1494104488,100131I,TIME_LIMIT_EXCEEDED
26910296,1494104430,100131I,WRONG_ANSWER
26910286,1494104393,100131I,COMPILATION_ERROR
26862698,1493916561,804C,WRONG_ANSWER
26858554,1493914671,804C,WRONG_ANSWER
26856183,1493913706,804C,WRONG_ANSWER
26846097,1493910820,804B,OK
26839170,1493909777,804A,OK
26836235,1493906534,41A,OK
26836219,1493906471,41A,COMPILATION_ERROR
26825625,1493850405,775A,PARTIAL
26810374,1493766732,100100A,OK
26790877,1493664833,775A,PARTIAL
26790655,1493663831,775A,SKIPPED
26790434,1493662841,775A,SKIPPED
26790412,1493662754,775A,SKIPPED
26789772,1493659764,775A,SKIPPED
26789703,1493659432,775A,SKIPPED
26789660,1493659237,775A,SKIPPED
26788764,1493655212,775A,SKIPPED
26788753,1493655174,775A,SKIPPED
26788323,1493653508,775A,SKIPPED
26787538,1493650135,775A,SKIPPED
26786520,1493646055,775A,SKIPPED
26786476,1493645864,775A,SKIPPED
26786457,1493645798,775A,SKIPPED
26786385,1493645560,775A,SKIPPED
26786334,1493645371,775A,SKIPPED
26786322,1493645328,775A,SKIPPED
26786249,1493645052,775A,SKIPPED
26784846,1493639724,775A,SKIPPED
26782264,1493629693,775A,SKIPPED
26781775,1493628006,775A,SKIPPED
26780851,1493623882,775A,SKIPPED
26780631,1493622873,775A,SKIPPED
26780519,1493622318,775A,SKIPPED
26780455,1493621961,775A,SKIPPED
26780447,1493621930,775A,SKIPPED
26780142,1493620430,775A,SKIPPED
26776455,1493597194,775A,SKIPPED
26776333,1493595908,775A,SKIPPED
26776330,1493595877,775A,SKIPPED
26776314,1493595701,775A,SKIPPED
26776309,1493595670,775A,SKIPPED
26776300,1493595589,775A,SKIPPED
26775841,1493591295,775A,SKIPPED
26775559,1493589256,775A,SKIPPED
26775511,1493588876,775A,SKIPPED
26775313,1493587688,775A,SKIPPED
26757751,1493510580,775A,SKIPPED
26757715,1493510179,775A,SKIPPED
26757700,1493510040,775A,SKIPPED
26756084,1493498329,775A,SKIPPED
26748552,1493472387,775A,SKIPPED
26748386,1493471856,775A,SKIPPED
26747628,1493469594,775A,SKIPPED
26747406,1493468898,775A,SKIPPED
26747059,1493467725,775A,SKIPPED
26746677,1493466226,775A,SKIPPED
26734823,1493410934,775A,SKIPPED
26734768,1493410632,775A,SKIPPED
26734616,1493409897,775A,SKIPPED
26436722,1492369273,772A,OK
26421139,1492357966,772B,OK
26420514,1492357843,772A,WRONG_ANSWER
26307944,1491946291,100166G,OK
26307939,1491946262,100166G,WRONG_ANSWER
26307934,1491946236,100166G,RUNTIME_ERROR
26307901,1491946037,100166G,WRONG_ANSWER
26235778,1491737267,100140A,OK
26235748,1491737189,100140A,OK
26205031,1491603362,100083B,OK
26203924,1491597361,100166G,OK
26181328,1491518899,100166G,OK
26143736,1491396959,100814D,OK
26143576,1491396649,100814C,OK
26143328,1491396172,100814C,TIME_LIMIT_EXCEEDED
26143183,1491395841,100814D,WRONG_ANSWER
26142883,1491395190,100814D,WRONG_ANSWER
26142779,1491394983,100814D,WRONG_ANSWER
26142342,1491394085,100814D,WRONG_ANSWER
26142196,1491393668,100814D,WRONG_ANSWER
26141309,1491391378,100814A,OK
26141247,1491391226,100814B,WRONG_ANSWER
26141210,1491391124,100814A,WRONG_ANSWER
26140769,1491389811,100814B,OK
26140554,1491389153,100814B,WRONG_ANSWER
26140265,1491388158,100814B,WRONG_ANSWER
26140121,1491387655,100814I,OK
26139910,1491386817,100814F,OK
26109674,1491258704,100083B,OK
26109639,1491258434,100083B,WRONG_ANSWER
26109630,1491258404,100083B,RUNTIME_ERROR
26109571,1491257907,100166C,OK
26108479,1491251388,100235F,OK
26065589,1491083947,789A,OK
26065494,1491083410,100091B,OK
26064649,1491079181,100166C,OK
26064561,1491078845,100166C,WRONG_ANSWER
26064374,1491078141,100083D,OK
26064319,1491077956,100083D,WRONG_ANSWER
26064286,1491077854,100083D,WRONG_ANSWER
26063303,1491074620,100100A,TIME_LIMIT_EXCEEDED
26063272,1491074527,100100A,COMPILATION_ERROR
26063215,1491074325,100100A,TIME_LIMIT_EXCEEDED
26062987,1491073474,100100A,TIME_LIMIT_EXCEEDED
26062886,1491073226,100100A,TIME_LIMIT_EXCEEDED
26062402,1491071966,100100A,OK
26062373,1491071913,100100A,TIME_LIMIT_EXCEEDED
26062357,1491071892,100100A,TIME_LIMIT_EXCEEDED
26061257,1491069010,100100C,OK
26061247,1491068983,100100C,WRONG_ANSWER
26061100,1491068606,100100C,TIME_LIMIT_EXCEEDED
26060988,1491068312,100100C,OK
26060976,1491068288,100100C,OK
26060901,1491068094,100100C,OK
25965047,1490914728,100083B,OK
25928794,1490810676,788C,WRONG_ANSWER
25928519,1490810637,788C,WRONG_ANSWER
25928292,1490810597,788C,TIME_LIMIT_EXCEEDED
25928152,1490810570,788C,TIME_LIMIT_EXCEEDED
25927907,1490810516,788C,TIME_LIMIT_EXCEEDED
25927760,1490810485,788C,TIME_LIMIT_EXCEEDED
25927631,1490810454,788C,WRONG_ANSWER
25915187,1490807214,788B,OK
25910415,1490806127,788B,WRONG_ANSWER
25901946,1490804183,788A,OK
25897341,1490795783,787D,OK
25896308,1490793024,787B,OK
25759297,1490307073,100091B,OK
25754125,1490291758,787A,OK
25750897,1490288252,786C,OK
25741913,1490283504,786A,OK
25741890,1490283493,786A,COMPILATION_ERROR
25608508,1489851986,771A,OK
25607459,1489851753,771B,OK
25561078,1489702971,100083C,OK
25560983,1489702315,100166G,OK
25560908,1489701790,100166G,OK
25560815,1489701308,100083B,OK
25560811,1489701287,100083B,RUNTIME_ERROR
25560794,1489701176,100083B,WRONG_ANSWER
25560772,1489701041,100083B,WRONG_ANSWER
25535714,1489624226,785E,OK
25533803,1489613572,785E,OK
25533655,1489613014,785E,TIME_LIMIT_EXCEEDED
25533184,1489611218,785E,OK
25533176,1489611195,785E,WRONG_ANSWER
25533151,1489611108,785E,WRONG_ANSWER
25532884,1489610232,785E,TIME_LIMIT_EXCEEDED
25528968,1489602117,785E,TIME_LIMIT_EXCEEDED
25528870,1489602040,785E,TIME_LIMIT_EXCEEDED
25525731,1489597338,785E,TIME_LIMIT_EXCEEDED
25513778,1489592892,785C,OK
25507538,1489591259,785B,OK
25506089,1489590996,785A,OK
25486948,1489530766,100166G,OK
25486915,1489530564,100166G,OK
25485328,1489522048,100246D,OK
25485301,1489521909,100246D,RUNTIME_ERROR
25443435,1489352435,100166C,OK
25426768,1489304457,100083D,OK
25426756,1489304419,100083D,WRONG_ANSWER
25426587,1489303954,100166G,OK
25426579,1489303938,100166G,OK
25421063,1489277182,100235F,OK
25420960,1489276416,100091B,OK
25416464,1489260020,100166C,OK
25416357,1489259720,100166C,WRONG_ANSWER
25416338,1489259668,100166C,RUNTIME_ERROR
25391037,1489193338,100235F,OK
25391002,1489192934,100235F,WRONG_ANSWER
25390991,1489192840,100235F,RUNTIME_ERROR
25369770,1489097850,100166C,OK
25369732,1489097593,100166C,RUNTIME_ERROR
25369682,1489097326,100166C,RUNTIME_ERROR
25369626,1489097020,100166C,OK
25369606,1489096919,100166C,OK
25369556,1489096671,100166C,OK
25369543,1489096620,100166C,RUNTIME_ERROR
25347285,1488996394,100166G,OK
25347248,1488996277,100166G,WRONG_ANSWER
25347013,1488995532,100083D,OK
25305543,1488848121,100083D,OK
25276365,1488760261,100166G,OK
25276335,1488760087,100166G,WRONG_ANSWER
25275494,1488754409,100083D,OK
25275476,1488754327,100083D,TIME_LIMIT_EXCEEDED
25275456,1488754170,100083D,TIME_LIMIT_EXCEEDED
25275188,1488752551,782E,OK
25275172,1488752483,782E,TIME_LIMIT_EXCEEDED
25275128,1488752290,782E,WRONG_ANSWER
25262447,1488725359,782D,OK
25252144,1488720708,782C,OK
25250481,1488720097,782B,OK
25246218,1488719271,782A,OK
25244722,1488715804,100166G,OK
25244707,1488715765,100166G,RUNTIME_ERROR
25244663,1488715667,100166G,MEMORY_LIMIT_EXCEEDED
25244631,1488715617,100166G,RUNTIME_ERROR
25229949,1488675160,769D,OK
25228078,1488663815,769A,OK
25227748,1488662695,769C,OK
25225722,1488656551,769B,OK
25198190,1488584039,100083C,RUNTIME_ERROR
25198182,1488584017,100083C,RUNTIME_ERROR
25198177,1488583998,100083C,OK
25198173,1488583959,100083C,RUNTIME_ERROR
25198160,1488583811,100083C,RUNTIME_ERROR
25198030,1488582678,100083B,OK
25197989,1488582369,100083B,WRONG_ANSWER
25112487,1488325848,777E,OK
25112394,1488325123,777E,WRONG_ANSWER
25112390,1488325102,777E,RUNTIME_ERROR
25112380,1488325015,777E,WRONG_ANSWER
25112310,1488324529,777E,RUNTIME_ERROR
25112298,1488324416,777E,RUNTIME_ERROR
25112280,1488324313,777E,RUNTIME_ERROR
25112274,1488324266,777E,TIME_LIMIT_EXCEEDED
25112253,1488324093,777E,RUNTIME_ERROR
25112217,1488323814,777E,RUNTIME_ERROR
25112163,1488323472,777E,RUNTIME_ERROR
25112153,1488323403,777E,WRONG_ANSWER
25112130,1488323287,777E,RUNTIME_ERROR
25112086,1488323049,777E,RUNTIME_ERROR
25112041,1488322839,777E,RUNTIME_ERROR
25111942,1488322256,777E,RUNTIME_ERROR
25111932,1488322175,777E,WRONG_ANSWER
25111837,1488321642,777E,WRONG_ANSWER
25111761,1488321198,777E,WRONG_ANSWER
25111759,1488321167,777E,OK
25111722,1488320928,777E,WRONG_ANSWER
25111694,1488320759,777E,WRONG_ANSWER
25111680,1488320679,777E,WRONG_ANSWER
25111676,1488320636,777E,WRONG_ANSWER
25111657,1488320531,777E,WRONG_ANSWER
25111653,1488320500,777E,RUNTIME_ERROR
25111633,1488320371,777E,WRONG_ANSWER
25111587,1488320159,777E,OK
25109959,1488313509,777E,OK
25109840,1488313056,777E,WRONG_ANSWER
25109272,1488311016,777D,OK
25109018,1488310113,777C,OK
25108742,1488309232,777B,OK
25108635,1488308901,777B,WRONG_ANSWER
25108408,1488308191,777A,OK
25063796,1488138831,768F,OK
25063735,1488138610,768F,WRONG_ANSWER
25008954,1488016777,768E,OK
25008915,1488016695,768E,WRONG_ANSWER
24996646,1487971952,776D,OK
24949999,1487890055,776C,OK
24937561,1487867360,776C,TIME_LIMIT_EXCEEDED
24935318,1487865910,776C,TIME_LIMIT_EXCEEDED
24935144,1487865792,776C,WRONG_ANSWER
24929875,1487863765,776C,TIME_LIMIT_EXCEEDED
24923036,1487862168,776B,OK
24922068,1487862003,776B,WRONG_ANSWER
24917776,1487861335,776A,OK
24881297,1487713621,765F,OK
24876199,1487695460,768C,OK
24876179,1487695396,768C,WRONG_ANSWER
24857131,1487631607,768B,OK
24848497,1487614374,768D,OK
24839904,1487610501,768C,WRONG_ANSWER
24839786,1487610458,768C,COMPILATION_ERROR
24833587,1487608411,768B,TIME_LIMIT_EXCEEDED
24827150,1487606953,768A,OK
24790943,1487456874,767E,OK
24788505,1487445795,767C,OK
24777055,1487419941,767D,OK
24770357,1487414704,767B,OK
24768461,1487413989,767B,WRONG_ANSWER
24757525,1487409777,767A,OK
24726320,1487277112,527E,OK
24706528,1487199356,100235F,OK
24706522,1487199306,100235F,WRONG_ANSWER
24706508,1487199183,100235F,OK
24705948,1487195606,100235F,OK
24704575,1487188820,100235F,OK
24704517,1487188617,100235F,OK
24678833,1487097614,765E,OK
24662949,1487066585,765D,OK
24654589,1487062027,765C,OK
24651767,1487061205,765B,OK
24649508,1487060678,765A,OK
24647033,1487060168,765A,WRONG_ANSWER
24212621,1485561210,400D,OK
24212419,1485560141,400D,WRONG_ANSWER
24212405,1485560041,400D,WRONG_ANSWER
24212147,1485558549,400D,TIME_LIMIT_EXCEEDED
24212121,1485558396,400D,WRONG_ANSWER
24212054,1485557984,400D,WRONG_ANSWER
24211960,1485557563,400D,TIME_LIMIT_EXCEEDED
24179135,1485480217,100235F,WRONG_ANSWER
24179074,1485479723,100235F,WRONG_ANSWER
24179057,1485479597,100235F,WRONG_ANSWER
24160145,1485472558,100166G,OK
24159972,1485471346,100166G,OK
24159959,1485471299,100166G,OK
24159527,1485470570,100166G,OK
24159387,1485469815,100166F,OK
24159031,1485469510,100166F,WRONG_ANSWER
24159003,1485469341,100166F,WRONG_ANSWER
24158861,1485468638,100166E,OK
24154548,1485452862,100166D,OK
24154382,1485452411,100166D,RUNTIME_ERROR
24153139,1485448499,100166D,WRONG_ANSWER
24152965,1485447961,100166C,OK
24152915,1485447793,100166C,WRONG_ANSWER
24092280,1485264918,100166D,WRONG_ANSWER
24082103,1485217508,100166C,WRONG_ANSWER
24082061,1485217111,100166C,WRONG_ANSWER
24082022,1485216700,100166C,WRONG_ANSWER
24082017,1485216634,100166C,WRONG_ANSWER
24082007,1485216575,100166C,WRONG_ANSWER
24081989,1485216426,100166C,WRONG_ANSWER
24081815,1485214947,100166B,OK
24081756,1485214340,100166A,OK
24081742,1485214273,100166A,WRONG_ANSWER
24060295,1485129240,760B,OK
24060211,1485128512,760B,WRONG_ANSWER
24060202,1485128426,760B,COMPILATION_ERROR
24060079,1485127470,760B,OK
24059527,1485127416,760B,TIME_LIMIT_EXCEEDED
24059488,1485127151,760B,OK
24059480,1485127101,760B,WRONG_ANSWER
24057212,1485126243,760A,OK
24053940,1485119719,759C,OK
24052671,1485115993,759C,OK
24052190,1485115817,759C,SKIPPED
24044174,1485111793,759B,OK
24039461,1485109973,759A,OK
23995426,1484935440,100083D,WRONG_ANSWER
23970443,1484851245,758C,OK
23965963,1484844977,758D,OK
23957660,1484841192,758C,WRONG_ANSWER
23951897,1484839026,758B,OK
23947371,1484838422,758A,OK
23883354,1484575380,755F,OK
23882885,1484573933,755F,OK
23882479,1484572691,755F,TIME_LIMIT_EXCEEDED
23882355,1484572339,755F,WRONG_ANSWER
23882314,1484572200,755F,WRONG_ANSWER
23870140,1484523519,755D,OK
23870044,1484522346,755D,OK
23865351,1484507020,755D,WRONG_ANSWER
23864691,1484506784,755D,WRONG_ANSWER
23858799,1484503367,755D,CHALLENGED
23852894,1484501379,755C,OK
23850193,1484500715,755B,OK
23847596,1484500169,755A,OK
23834611,1484473523,397E,OK
23834592,1484473432,397E,WRONG_ANSWER
23834324,1484472276,397E,WRONG_ANSWER
23829025,1484439121,100235A,OK
23828958,1484438278,100235E,OK
23828931,1484437965,100235E,WRONG_ANSWER
23828927,1484437948,100235E,WRONG_ANSWER
23828916,1484437824,100235E,WRONG_ANSWER
23828706,1484435591,100235D,OK
23810545,1484411673,100235C,OK
23810536,1484411644,100235C,RUNTIME_ERROR
23809842,1484409473,100235C,WRONG_ANSWER
23809696,1484409017,100235C,WRONG_ANSWER
23809679,1484408948,100235C,RUNTIME_ERROR
23807942,1484403501,100235B,OK
23807936,1484403472,100235B,COMPILATION_ERROR
23772822,1484264325,757D,OK
23772645,1484262325,757D,WRONG_ANSWER
23772546,1484261566,757D,WRONG_ANSWER
23772432,1484260351,757D,MEMORY_LIMIT_EXCEEDED
23759290,1484240569,757C,OK
23747435,1484236798,757B,OK
23740426,1484235605,757A,OK
23721076,1484148444,740E,TIME_LIMIT_EXCEEDED
23720945,1484147798,740E,OK
23720934,1484147754,740E,COMPILATION_ERROR
23720874,1484147512,740E,TIME_LIMIT_EXCEEDED
23720753,1484147055,740E,TIME_LIMIT_EXCEEDED
23720367,1484145533,740E,TIME_LIMIT_EXCEEDED
23720347,1484145453,740E,TIME_LIMIT_EXCEEDED
23615042,1483752207,754D,OK
23615008,1483751792,754D,WRONG_ANSWER
23614872,1483750550,754D,OK
23614868,1483750524,754D,COMPILATION_ERROR
23614853,1483750402,754D,WRONG_ANSWER
23614816,1483749947,754D,RUNTIME_ERROR
23614449,1483746104,754A,OK
23158804,1482171178,749D,OK
23150393,1482167145,749C,OK
23147927,1482166245,749B,OK
23144419,1482165526,749A,OK
23126410,1482119008,747D,OK
23124049,1482116658,747E,OK
23121178,1482114558,747C,OK
23119821,1482113881,747B,OK
23118220,1482113324,747A,OK
23102249,1482065512,746E,OK
23097722,1482063180,746D,OK
23091365,1482060248,746C,OK
23087929,1482058740,746B,OK
23087575,1482058611,746B,WRONG_ANSWER
23083966,1482057649,746A,OK
23024587,1481875466,743C,OK
23024424,1481874840,743C,OK
22973973,1481732725,743C,OK
22967989,1481730483,743D,OK
22955353,1481727103,743B,OK
22951578,1481726451,743A,OK
22671218,1480750612,101090B,WRONG_ANSWER
22671213,1480750586,101090B,OK
22671204,1480750541,101090B,TIME_LIMIT_EXCEEDED
22671151,1480750348,101090B,TIME_LIMIT_EXCEEDED
22671145,1480750309,101090B,TIME_LIMIT_EXCEEDED
22561020,1480283628,584D,OK
22560803,1480282243,100249D,OK
22560786,1480282205,100249D,WRONG_ANSWER
22560774,1480282158,100249D,WRONG_ANSWER
22556998,1480274136,735B,WRONG_ANSWER
22554604,1480271196,735C,OK
22552612,1480270484,735D,OK
22546385,1480268384,735D,WRONG_ANSWER
22543172,1480267460,735B,OK
22540480,1480266760,735B,WRONG_ANSWER
22538087,1480266209,735B,WRONG_ANSWER
22537372,1480266061,735B,WRONG_ANSWER
22535637,1480265691,735B,WRONG_ANSWER
22531442,1480264943,735A,OK
22464685,1479986915,101090B,OK
22464609,1479986686,101090A,OK
22464552,1479986551,101090I,OK
22464324,1479985790,101090I,WRONG_ANSWER
22463006,1479980811,101090I,WRONG_ANSWER
22462887,1479980378,101090H,OK
22462774,1479979961,101090L,OK
22462651,1479979478,101090K,OK
22462614,1479979355,101090H,WRONG_ANSWER
22462512,1479978945,101090G,OK
22462350,1479978207,101090J,OK
22453732,1479931781,740C,OK
22447379,1479925270,740D,OK
22444504,1479923835,740A,OK
22431820,1479919855,740B,OK
22429385,1479919447,740A,CHALLENGED
22428376,1479919268,740A,WRONG_ANSWER
22413189,1479851023,731E,OK
22413103,1479850464,731E,OK
22412913,1479849415,731E,TIME_LIMIT_EXCEEDED
22393547,1479769463,731D,OK
22392047,1479760990,731F,OK
22391852,1479760115,731F,TIME_LIMIT_EXCEEDED
22391832,1479760021,731F,WRONG_ANSWER
22391782,1479759834,731F,WRONG_ANSWER
22391769,1479759778,731F,WRONG_ANSWER
22391636,1479759200,731F,TIME_LIMIT_EXCEEDED
22391633,1479759177,731F,WRONG_ANSWER
22391603,1479759055,731F,WRONG_ANSWER
22391577,1479758959,731F,WRONG_ANSWER
22391559,1479758890,731F,TIME_LIMIT_EXCEEDED
22391551,1479758856,731F,WRONG_ANSWER
22391537,1479758777,731F,TIME_LIMIT_EXCEEDED
22391529,1479758739,731F,WRONG_ANSWER
22391501,1479758584,731F,WRONG_ANSWER
22391413,1479758171,731F,TIME_LIMIT_EXCEEDED
22391400,1479758143,731F,WRONG_ANSWER
22391274,1479757601,731F,WRONG_ANSWER
22391228,1479757410,731F,TIME_LIMIT_EXCEEDED
22391125,1479757017,731F,TIME_LIMIT_EXCEEDED
22391067,1479756827,731F,WRONG_ANSWER
22391003,1479756489,731F,TIME_LIMIT_EXCEEDED
22390719,1479755432,731C,OK
22390420,1479754298,731B,OK
22390294,1479753819,731A,OK
22389219,1479749832,738F,OK
22389202,1479749759,738F,TIME_LIMIT_EXCEEDED
22389182,1479749669,738F,WRONG_ANSWER
22388864,1479748303,738F,MEMORY_LIMIT_EXCEEDED
22388830,1479748145,738F,COMPILATION_ERROR
22388769,1479747907,738F,COMPILATION_ERROR
22388756,1479747873,738F,COMPILATION_ERROR
22388522,1479747032,738F,TIME_LIMIT_EXCEEDED
22388390,1479746604,738F,TIME_LIMIT_EXCEEDED
22386453,1479740166,4A,OK
22386424,1479740068,4A,WRONG_ANSWER
22386388,1479739987,4A,COMPILATION_ERROR
22385671,1479739538,4A,WRONG_ANSWER
22385526,1479739116,4A,COMPILATION_ERROR
22385427,1479738673,4A,COMPILATION_ERROR
22372783,1479674141,738E,OK
22372447,1479672558,738E,WRONG_ANSWER
22372419,1479672429,738E,WRONG_ANSWER
22364134,1479647526,738E,WRONG_ANSWER
22362550,1479644986,738A,OK
22362496,1479644934,738A,WRONG_ANSWER
22362419,1479644863,738A,WRONG_ANSWER
22362300,1479644716,738A,WRONG_ANSWER
22362078,1479644468,738B,OK
22360171,1479639691,737C,WRONG_ANSWER
22357873,1479638739,737C,WRONG_ANSWER
22354253,1479637049,737B,OK
22351107,1479635643,737A,OK
22350692,1479635474,737A,TIME_LIMIT_EXCEEDED
22308322,1479479348,101078G,WRONG_ANSWER
22308302,1479479279,101078B,WRONG_ANSWER
22307703,1479477356,101078B,WRONG_ANSWER
22307694,1479477331,101078B,WRONG_ANSWER
22307586,1479476849,101078G,WRONG_ANSWER
22307259,1479475720,101078G,WRONG_ANSWER
22306733,1479474165,101078F,WRONG_ANSWER
22306666,1479473958,101078F,WRONG_ANSWER
22306546,1479473619,101078F,WRONG_ANSWER
22306494,1479473479,101078F,WRONG_ANSWER
22306407,1479473184,101078I,OK
22306387,1479473123,101078I,RUNTIME_ERROR
22306366,1479473052,101078I,WRONG_ANSWER
22306111,1479472086,101078F,WRONG_ANSWER
22305950,1479471470,101078F,WRONG_ANSWER
22305873,1479471199,101078F,WRONG_ANSWER
22305643,1479470442,101078I,WRONG_ANSWER
22305316,1479469333,101078I,WRONG_ANSWER
22305094,1479468439,101078C,OK
22304544,1479466356,101078I,WRONG_ANSWER
22304444,1479465921,101078I,TIME_LIMIT_EXCEEDED
22304429,1479465851,101078I,TIME_LIMIT_EXCEEDED
22304400,1479465716,101078I,TIME_LIMIT_EXCEEDED
22304143,1479464508,101078L,OK
22304119,1479464418,101078A,OK
22303992,1479463881,101078A,WRONG_ANSWER
22303940,1479463686,101078D,OK
22296089,1479413324,60D,OK
22294545,1479406011,734C,OK
22249335,1479238710,734E,OK
22247827,1479234503,734D,OK
22245502,1479233547,734E,WRONG_ANSWER
22244079,1479232929,734D,CHALLENGED
22237600,1479230080,734C,OK
22236820,1479229753,734C,SKIPPED
22229052,1479228022,734B,OK
22226331,1479227799,734A,OK
22215215,1479168371,427A,OK
22215207,1479168214,426A,OK
22215178,1479167743,424A,OK
22215147,1479167398,721A,OK
22215141,1479167362,721A,WRONG_ANSWER
22215107,1479167046,703A,OK
22215100,1479166987,703A,WRONG_ANSWER
22215075,1479166823,705A,OK
22215072,1479166782,705A,WRONG_ANSWER
22215067,1479166742,705A,WRONG_ANSWER
22215051,1479166598,723A,OK
22215033,1479166491,723A,WRONG_ANSWER
22214855,1479164824,664C,OK
22166414,1478882955,101128J,OK
22165851,1478880966,101128J,TIME_LIMIT_EXCEEDED
22165835,1478880916,101128J,WRONG_ANSWER
22154987,1478810327,101128J,WRONG_ANSWER
22154863,1478809513,101128C,OK
22154698,1478808528,101128C,WRONG_ANSWER
22154655,1478808303,101128C,WRONG_ANSWER
22154627,1478808175,101128C,WRONG_ANSWER
22154605,1478808049,101128C,WRONG_ANSWER
22154318,1478806539,101128C,WRONG_ANSWER
22148984,1478784664,101128C,OK
22148492,1478782985,101128C,WRONG_ANSWER
22148220,1478782002,101128C,TIME_LIMIT_EXCEEDED
22147414,1478779345,101128E,OK
22146302,1478774915,101128A,OK
22145891,1478773085,101128J,WRONG_ANSWER
22144786,1478768041,101128H,OK
22144201,1478765474,101128D,OK
22126206,1478680990,100091D,OK
22113619,1478613132,733F,OK
22113605,1478613102,733F,COMPILATION_ERROR
22113503,1478612853,733F,WRONG_ANSWER
22113410,1478612561,733F,WRONG_ANSWER
22113178,1478611863,733F,WRONG_ANSWER
22112659,1478610268,733F,WRONG_ANSWER
22112414,1478609491,733F,WRONG_ANSWER
22112294,1478609150,733F,MEMORY_LIMIT_EXCEEDED
22112109,1478608599,733F,WRONG_ANSWER
22103499,1478563663,436C,OK
22099334,1478540712,702E,OK
22097296,1478532768,702E,OK
22097248,1478532569,702E,WRONG_ANSWER
22084526,1478463007,702B,OK
22084468,1478462788,702B,WRONG_ANSWER
22076314,1478439868,100091B,OK
22076192,1478439392,100091B,OK
22045403,1478303496,100091A,OK
22045380,1478303402,100091B,TIME_LIMIT_EXCEEDED
22045368,1478303328,100091B,TIME_LIMIT_EXCEEDED
22045364,1478303260,100091B,TIME_LIMIT_EXCEEDED
22044197,1478294790,100091C,OK
22043492,1478291299,100091A,OK
22043480,1478291250,100091B,OK
22043471,1478291228,100091B,COMPILATION_ERROR
21996675,1478103397,733E,OK
21996636,1478103290,733E,WRONG_ANSWER
21996537,1478103058,733E,WRONG_ANSWER
21944982,1477931527,733C,OK
21942992,1477930477,733C,CHALLENGED
21934414,1477926389,733D,OK
21923131,1477923418,733B,OK
21920210,1477923025,733A,OK
21599416,1476895322,100083E,OK
21598848,1476893813,100083F,OK
21587372,1476869280,100083E,WRONG_ANSWER
21580049,1476838304,100083F,WRONG_ANSWER
21579927,1476837392,100083F,WRONG_ANSWER
21579823,1476836577,100083F,WRONG_ANSWER
21579671,1476835204,100083F,WRONG_ANSWER
21579585,1476834520,100083F,WRONG_ANSWER
21579514,1476834007,100083F,WRONG_ANSWER
21579136,1476831664,100083D,OK
21578339,1476827044,100083C,OK
21519853,1476710255,100083B,OK
21519825,1476710188,100083B,WRONG_ANSWER
21519707,1476709867,100083B,WRONG_ANSWER
21519389,1476709125,100083B,WRONG_ANSWER
21519370,1476709088,100083B,WRONG_ANSWER
21519282,1476708887,100083B,WRONG_ANSWER
21519251,1476708819,100083B,WRONG_ANSWER
21518611,1476706960,690C3,OK
21508130,1476657851,100083A,OK
21198749,1475628620,690E1,OK
21198652,1475627921,690E1,TIME_LIMIT_EXCEEDED
21198367,1475625658,690C3,OK
21196727,1475615353,723C,OK
20968686,1475070427,690D3,MEMORY_LIMIT_EXCEEDED
20968662,1475070366,690D3,COMPILATION_ERROR
20968428,1475069825,690B1,COMPILATION_ERROR
20968285,1475069494,690D3,RUNTIME_ERROR
20967119,1475066236,690D3,RUNTIME_ERROR
20966685,1475064929,690B1,WRONG_ANSWER
20966459,1475064136,690B1,WRONG_ANSWER
20964660,1475058532,690D2,TIME_LIMIT_EXCEEDED
20964353,1475057599,690C2,OK
20963841,1475055822,690F1,OK
20963755,1475055533,690D1,OK
20963420,1475054363,690A1,OK
20963386,1475054242,690C1,OK
20852441,1474638740,719C,OK
20841780,1474636688,719B,OK
20838102,1474636204,719A,OK
18886044,1467648088,688C,OK
18886008,1467647906,688C,RUNTIME_ERROR
18885617,1467646194,688B,OK
18885543,1467645791,688A,OK
18198803,1464803792,677D,TIME_LIMIT_EXCEEDED
18198543,1464803663,677D,RUNTIME_ERROR
18195572,1464802184,677C,OK
18191571,1464800536,677B,OK
18189612,1464799851,677B,TIME_LIMIT_EXCEEDED
18189254,1464799721,677B,TIME_LIMIT_EXCEEDED
18186470,1464799132,677A,OK
17599363,1462041723,642A,PARTIAL
17599359,1462041676,642A,SKIPPED
17599314,1462041410,642A,SKIPPED
17599305,1462041392,642A,SKIPPED
17599122,1462040209,642A,SKIPPED
17599073,1462039928,642A,SKIPPED
17599023,1462039677,642A,SKIPPED
17598742,1462038154,642A,SKIPPED
17587574,1461975020,642A,SKIPPED
17587558,1461974812,642A,SKIPPED
17587535,1461974480,642A,SKIPPED
17587421,1461973024,642A,SKIPPED
17587404,1461972805,642A,SKIPPED
17587284,1461971294,642A,SKIPPED
17587124,1461969356,642A,SKIPPED
17586990,1461967877,642A,SKIPPED
17568690,1461944531,642A,SKIPPED
17568677,1461944484,642A,SKIPPED
17568670,1461944466,642A,SKIPPED
17568337,1461943133,642A,SKIPPED
17554164,1461855063,642A,SKIPPED
17554146,1461854958,642A,SKIPPED
17500115,1461538334,641C,WRONG_ANSWER
17499987,1461537640,641C,WRONG_ANSWER
17499977,1461537592,641C,WRONG_ANSWER
17499953,1461537456,641C,TIME_LIMIT_EXCEEDED
17499810,1461536517,641C,WRONG_ANSWER
17499777,1461536289,641C,WRONG_ANSWER
17499751,1461536120,641C,WRONG_ANSWER
17499738,1461535994,641C,WRONG_ANSWER
17499559,1461534979,641C,WRONG_ANSWER
17499549,1461534902,641C,WRONG_ANSWER
17499429,1461534315,641C,TIME_LIMIT_EXCEEDED
17499334,1461533935,641C,TIME_LIMIT_EXCEEDED
17497926,1461522841,641C,TIME_LIMIT_EXCEEDED
17497506,1461522716,641C,TIME_LIMIT_EXCEEDED
17497070,1461522548,641D,WRONG_ANSWER
17496802,1461522434,641D,WRONG_ANSWER
17485003,1461516657,641B,OK
17482510,1461516040,641A,OK
17116688,1459533550,656A,WRONG_ANSWER
17116590,1459533516,656A,WRONG_ANSWER
17116540,1459533501,656A,WRONG_ANSWER
17116491,1459533488,656A,WRONG_ANSWER
17116448,1459533470,656A,COMPILATION_ERROR
17114956,1459532944,656E,OK
17111052,1459531460,656E,COMPILATION_ERROR
17110948,1459531419,656E,WRONG_ANSWER
17110719,1459531341,656E,WRONG_ANSWER
17110480,1459531249,656E,WRONG_ANSWER
17110056,1459531088,656E,WRONG_ANSWER
17107770,1459530286,656C,WRONG_ANSWER
17107324,1459530131,656B,OK
17106904,1459529984,656B,WRONG_ANSWER
17106343,1459529807,656B,WRONG_ANSWER
17106016,1459529707,656B,WRONG_ANSWER
17100123,1459527769,656G,OK
17099970,1459527714,656G,WRONG_ANSWER
17099890,1459527689,656G,COMPILATION_ERROR
17099682,1459527621,656G,WRONG_ANSWER
17099354,1459527523,656G,WRONG_ANSWER
17098986,1459527420,656G,WRONG_ANSWER
17098570,1459527307,656G,COMPILATION_ERROR
17097373,1459526997,656G,WRONG_ANSWER
17097241,1459526972,656G,WRONG_ANSWER
17097230,1459526969,656G,WRONG_ANSWER
17097097,1459526940,656G,WRONG_ANSWER
17096969,1459526914,656C,RUNTIME_ERROR
17096828,1459526884,656G,WRONG_ANSWER
17096658,1459526848,656G,WRONG_ANSWER
17094783,1459526559,656A,WRONG_ANSWER
17093847,1459526459,656A,WRONG_ANSWER
17082342,1459462740,409H,WRONG_ANSWER
17082337,1459462690,409H,WRONG_ANSWER
17082329,1459462563,409H,WRONG_ANSWER
17082309,1459462375,409C,WRONG_ANSWER
17082297,1459462183,409C,WRONG_ANSWER
17060959,1459368389,639B,OK
17060607,1459367754,639B,WRONG_ANSWER
17060165,1459366943,639B,WRONG_ANSWER
17060029,1459366724,639B,WRONG_ANSWER
17058215,1459362763,659E,WRONG_ANSWER
17057795,1459362545,659E,WRONG_ANSWER
17055033,1459360814,659D,OK
17054665,1459360591,659D,WRONG_ANSWER
17043576,1459355728,659C,OK
17041347,1459355070,659B,OK
17038130,1459354249,659A,OK
17007387,1459190086,639C,WRONG_ANSWER
17006607,1459189857,639C,WRONG_ANSWER
17004863,1459189044,639C,WRONG_ANSWER
17004528,1459188854,639C,WRONG_ANSWER
17003843,1459188508,639C,WRONG_ANSWER
17003497,1459188328,639C,WRONG_ANSWER
17002053,1459187628,639C,WRONG_ANSWER
16993374,1459184096,639A,OK
16993234,1459184037,639A,WRONG_ANSWER
16992189,1459183735,639B,OK
16840542,1458483959,638B,OK
16839715,1458481475,638A,OK
16828528,1458426497,645D,OK
16791624,1458322720,645C,OK
16791550,1458322654,645C,TIME_LIMIT_EXCEEDED
16787922,1458320321,645B,OK
16786284,1458319567,645A,OK
16772522,1458249984,644B,OK
16747993,1458141489,644A,OK
16701139,1457890167,637D,OK
16699181,1457884649,637C,OK
16694995,1457877429,637B,OK
16692397,1457872344,637A,OK
16662942,1457742786,5C,OK
16662930,1457742614,5C,WRONG_ANSWER
16662866,1457741984,5C,TIME_LIMIT_EXCEEDED
16662861,1457741943,5C,WRONG_ANSWER
16379713,1456569944,633D,TIME_LIMIT_EXCEEDED
16365919,1456513549,633C,TIME_LIMIT_EXCEEDED
16364668,1456512772,633C,TIME_LIMIT_EXCEEDED
16355226,1456507974,633B,OK
16355135,1456507938,633B,WRONG_ANSWER
16352169,1456507188,633A,OK
16182979,1455819021,630E,WRONG_ANSWER
16182419,1455818354,630E,COMPILATION_ERROR
16182234,1455818290,630E,WRONG_ANSWER
16179617,1455817167,630E,WRONG_ANSWER
16178226,1455816566,630E,WRONG_ANSWER
16175435,1455815457,630K,OK
16173697,1455814817,630K,WRONG_ANSWER
16173034,1455814573,630L,OK
16171144,1455813927,630G,OK
16168175,1455812961,630N,OK
16168089,1455812932,630N,WRONG_ANSWER
16167139,1455812631,630H,OK
16166171,1455812355,630H,WRONG_ANSWER
16162740,1455811301,630H,WRONG_ANSWER
16156626,1455810336,630R,OK
16154302,1455810018,630F,OK
16153480,1455809903,630F,WRONG_ANSWER
16152546,1455809677,630F,WRONG_ANSWER
16151466,1455809412,630D,OK
16149231,1455808892,630C,OK
16148298,1455808682,630J,OK
16146931,1455808378,630B,OK
16143580,1455807682,630A,OK
16008196,1455394914,626D,TIME_LIMIT_EXCEEDED
16007524,1455393759,626D,WRONG_ANSWER
16001622,1455389813,626C,OK
15997378,1455387548,626C,CHALLENGED
15995194,1455386631,626B,OK
15991788,1455385312,626A,OK
15943762,1455123819,622C,TIME_LIMIT_EXCEEDED
15942595,1455122890,622C,OK
15941680,1455122204,622C,TIME_LIMIT_EXCEEDED
15941396,1455121994,622C,TIME_LIMIT_EXCEEDED
15941315,1455121935,622C,TIME_LIMIT_EXCEEDED
15941185,1455121822,622C,TIME_LIMIT_EXCEEDED
15869019,1454841394,625A,TIME_LIMIT_EXCEEDED
15868773,1454841263,625A,WRONG_ANSWER
15861060,1454838169,625C,OK
15857899,1454837340,625B,OK
15857533,1454837252,625B,RUNTIME_ERROR
15856695,1454837042,625B,TIME_LIMIT_EXCEEDED
15808258,1454611459,624C,OK
15796660,1454606517,624B,OK
15793156,1454605905,624A,OK
15792319,1454605760,624A,WRONG_ANSWER
15772245,1454513573,614B,OK
15772165,1454513339,614B,WRONG_ANSWER
15771703,1454512321,614B,WRONG_ANSWER
15771511,1454511917,614B,RUNTIME_ERROR
15701372,1454250493,621B,OK
15697023,1454249453,621A,OK
15659720,1454091062,618C,OK
15659586,1454091008,618C,WRONG_ANSWER
15654278,1454088797,618B,OK
15650467,1454087784,618A,OK
15626874,1453977012,598A,OK
15536222,1453569755,617C,OK
15527916,1453566117,617D,OK
15523099,1453564563,617B,OK
15517605,1453563479,617A,OK
15479027,1453392647,620C,OK
15477455,1453391528,620B,OK
15470967,1453388695,620A,OK
15470334,1453388529,620A,WRONG_ANSWER
15246165,1452265136,615B,OK
15238910,1452262188,615A,OK
15052498,1451219721,610C,OK
15052416,1451219664,610C,WRONG_ANSWER
15047688,1451216801,610B,OK
15043835,1451215600,610A,OK
15037502,1451163670,47A,OK
15037471,1451163443,1A,OK
14957567,1450895526,608B,OK
14954510,1450893837,608C,OK
14942900,1450889069,608A,OK
14890949,1450554394,609C,OK
14890713,1450553065,609C,WRONG_ANSWER
14890667,1450552814,609C,WRONG_ANSWER
14889478,1450547479,609C,WRONG_ANSWER
14889255,1450546824,609B,OK
14889139,1450546461,609A,OK
14653691,1449256091,112A,OK
14653642,1449255840,231A,OK
14653608,1449255668,158B,OK
14653555,1449255513,158B,WRONG_ANSWER
14653532,1449255421,50A,OK
14653394,1449254758,266A,OK
14653302,1449254349,158A,OK
14653253,1449254159,339A,OK
14653230,1449254024,282A,OK
14598450,1448988835,604C,OK
14591611,1448985944,604B,OK
14587887,1448984843,604A,OK
14384161,1448044489,599C,WRONG_ANSWER
14372531,1448039595,599B,CHALLENGED
14372407,1448039553,599B,WRONG_ANSWER
14364996,1448037692,599A,OK
14276988,1447606776,596B,OK
14274431,1447606101,596A,OK
14113089,1446840766,583C,OK
