61651347,1569946011,1234C,OK
61642334,1569944176,1234D,OK
61622908,1569941525,1234B2,OK
61622707,1569941502,1234B1,OK
61613388,1569940677,1234A,OK
61514022,1569776024,1228C,OK
61482522,1569763559,1228A,OK
61481611,1569763400,1228B,OK
61475190,1569762569,1228A,COMPILATION_ERROR
61139552,1569249451,1230B,OK
61134593,1569248818,1230B,WRONG_ANSWER
61129352,1569248293,1230B,WRONG_ANSWER
61124049,1569247904,1230A,OK
61010650,1569067827,1216E1,OK
60988705,1569053897,1216D,OK
60985186,1569052965,1216C,OK
60973862,1569050604,1216B,OK
60969560,1569050080,1216A,OK
60967439,1569049837,1216A,WRONG_ANSWER
60889110,1568911149,1221E,WRONG_ANSWER
60888338,1568910825,1221E,WRONG_ANSWER
60884464,1568909826,1221D,OK
60883986,1568909698,1221D,TIME_LIMIT_EXCEEDED
60883322,1568909517,1221D,TIME_LIMIT_EXCEEDED
60876059,1568907656,1221D,WRONG_ANSWER
60863423,1568905267,1221C,OK
60859794,1568904770,1221B,OK
60855267,1568904219,1221A,OK
60815479,1568837171,1220E,OK
60803393,1568827232,1220B,OK
60797780,1568825676,1220C,OK
60782038,1568822980,1220A,OK
60629962,1568549601,1215C,OK
60628648,1568549113,1215C,WRONG_ANSWER
60621034,1568546649,1215B,OK
60620124,1568546407,1215B,RUNTIME_ERROR
60611464,1568544409,1215A,OK
60544107,1568468168,1209B,OK
60533488,1568466521,1209A,OK
60315425,1568050818,101915A,OK
60120097,1567699751,1217C,OK
60107525,1567697548,1217B,OK
60097055,1567696079,1217A,OK
60002682,1567592417,1214B,OK
59998383,1567591233,1214C,OK
59987828,1567589038,1214A,OK
59799956,1567245171,1213G,OK
59799875,1567245086,1213G,WRONG_ANSWER
59799614,1567244801,1213G,RUNTIME_ERROR
59798371,1567243344,1213C,OK
59745609,1567180577,1213E,OK
59745320,1567180518,1213E,WRONG_ANSWER
59739239,1567179451,1213E,WRONG_ANSWER
59732543,1567178348,1213E,WRONG_ANSWER
59726603,1567177511,1213D1,OK
59726226,1567177456,1213D2,OK
59715568,1567176193,1213B,OK
59712343,1567175936,1213A,OK
59469387,1566746997,1208C,OK
59463211,1566745726,1208B,OK
59450171,1566743896,1208A,OK
59433070,1566717670,102001L,OK
59431587,1566714792,102001D,WRONG_ANSWER
59431404,1566714469,102001L,WRONG_ANSWER
59431402,1566714468,102001D,WRONG_ANSWER
59431050,1566713838,102001L,WRONG_ANSWER
59430789,1566713309,102001L,WRONG_ANSWER
59429777,1566711328,102001I,OK
59429675,1566711065,102001A,WRONG_ANSWER
59312341,1566491318,1207C,OK
59282651,1566485433,1207B,OK
59277201,1566484839,1207A,OK
59172967,1566316639,1204C,OK
59155535,1566313314,1204B,OK
59151615,1566312873,1204A,OK
59084421,1566210667,1201C,OK
59084036,1566210227,1201C,TIME_LIMIT_EXCEEDED
59083966,1566210125,1201C,TIME_LIMIT_EXCEEDED
59025221,1566138738,1206C,OK
59007290,1566136477,1206B,OK
59001637,1566136062,1206A,OK
58983739,1566107746,1200C,OK
58983434,1566107205,1200C,WRONG_ANSWER
58982080,1566104529,1200B,OK
58981655,1566103549,1200A,OK
58452547,1565194302,1202D,OK
58438331,1565189239,1202A,OK
58437997,1565189098,1202A,OK
58305624,1564946954,1201B,OK
58303671,1564943546,1201B,WRONG_ANSWER
58292431,1564940473,1201B,WRONG_ANSWER
58284372,1564938740,1201C,OK
58279491,1564937930,1201B,WRONG_ANSWER
58278643,1564937804,1201B,WRONG_ANSWER
58272641,1564937032,1201A,OK
58020514,1564501873,1199C,OK
57999557,1564498228,1199B,OK
57995959,1564497773,1199A,OK
57702094,1563992169,1196D2,OK
57691373,1563985520,1196D2,OK
57690483,1563985360,1196D2,WRONG_ANSWER
57687057,1563984694,1196D2,WRONG_ANSWER
57683513,1563984029,1196D2,WRONG_ANSWER
57669799,1563981759,1196D1,OK
57664055,1563980963,1196C,OK
57653217,1563979640,1196B,OK
57647651,1563979139,1196A,OK
57532163,1563809135,1197C,OK
57521318,1563807254,1197B,OK
57514792,1563806509,1197A,OK
57481874,1563763857,608C,OK
57481610,1563763296,608C,WRONG_ANSWER
57481520,1563763122,608C,WRONG_ANSWER
57481474,1563763030,608C,WRONG_ANSWER
57408128,1563641504,1178C,OK
57405228,1563640695,1178D,OK
57403846,1563640324,1178D,WRONG_ANSWER
57394000,1563638310,1178B,OK
57389644,1563637702,1178A,OK
57388179,1563637521,1178A,WRONG_ANSWER
57387466,1563637436,1178A,WRONG_ANSWER
57372090,1563621319,1148C,OK
57370852,1563619959,1148C,WRONG_ANSWER
57356722,1563604485,1148B,OK
57355025,1563601924,1148B,WRONG_ANSWER
57353403,1563599049,1148A,OK
57301058,1563493011,1190A,WRONG_ANSWER
57271396,1563440469,1195E,OK
57271214,1563440281,1194E,TIME_LIMIT_EXCEEDED
57271066,1563440117,1194E,OK
57271018,1563440062,1194E,OK
57270965,1563440002,1194E,OK
57269751,1563438584,1195E,OK
57269631,1563438423,1195E,WRONG_ANSWER
57268551,1563437078,1195E,WRONG_ANSWER
57261657,1563427782,1195D2,OK
57225056,1563377874,1195D1,OK
57214801,1563376055,1195C,OK
57210885,1563375480,1195B,OK
57207429,1563375005,1195A,OK
57097334,1563194431,1194E,OK
57097181,1563194262,1194E,OK
57097110,1563194178,1194E,TIME_LIMIT_EXCEEDED
57097027,1563194107,1194E,COMPILATION_ERROR
57096827,1563193870,1194E,OK
57096801,1563193841,1194E,COMPILATION_ERROR
57096732,1563193775,1194E,TIME_LIMIT_EXCEEDED
57096628,1563193664,1194E,COMPILATION_ERROR
57057175,1563122690,1194D,WRONG_ANSWER
57055983,1563122521,1194D,WRONG_ANSWER
57055365,1563122391,1194D,WRONG_ANSWER
57032313,1563117070,1194C,OK
57028459,1563116420,1194B,OK
57022842,1563115687,1194A,OK
56923334,1562946953,1191C,OK
56920914,1562946515,1191C,WRONG_ANSWER
56913087,1562945228,1191B,OK
56911678,1562945017,1191B,WRONG_ANSWER
56900793,1562943498,1191B,WRONG_ANSWER
56899596,1562943340,1191B,WRONG_ANSWER
56893420,1562942556,1191A,OK
56889432,1562941124,1189C,WRONG_ANSWER
56586891,1562344952,1189C,OK
56577263,1562342018,1189B,OK
56569579,1562340476,1189B,WRONG_ANSWER
56563833,1562339610,1189A,OK
56425388,1562059265,102263I,WRONG_ANSWER
56422611,1562054729,102263H,OK
56421953,1562053588,102263I,WRONG_ANSWER
56421758,1562053264,102263I,WRONG_ANSWER
56421734,1562053222,102263I,RUNTIME_ERROR
56420027,1562050434,102263B,OK
56419455,1562049450,102263B,WRONG_ANSWER
56417474,1562045749,102263C,OK
56417245,1562045248,102263M,OK
56417199,1562045134,102263C,WRONG_ANSWER
56417034,1562044787,102263C,WRONG_ANSWER
56416695,1562043985,102263A,OK
56358722,1561918614,1187C,OK
56358620,1561918438,1187C,WRONG_ANSWER
56327980,1561908933,1187D,CHALLENGED
56317164,1561906804,1187B,OK
56312810,1561906258,1187A,OK
56310806,1561905710,1186F,WRONG_ANSWER
56258500,1561792018,102219K,OK
56258393,1561791865,102219K,WRONG_ANSWER
56257117,1561790091,102219K,WRONG_ANSWER
56256380,1561789074,102219A,OK
56256138,1561788744,102219A,WRONG_ANSWER
56255575,1561787936,102219J,OK
56255203,1561787309,102219C,OK
56254937,1561786892,102219I,OK
56254628,1561786398,102219B,OK
56195882,1561710223,1186A,OK
56193357,1561710109,1186A,WRONG_ANSWER
55887473,1561139263,1180C,OK
55880786,1561137669,1180B,OK
55875476,1561136849,1180A,OK
55790733,1560962621,1185D,OK
55787746,1560961901,1185D,WRONG_ANSWER
55769636,1560958028,1185C1,OK
55765580,1560957323,1185B,OK
55765328,1560957278,1185B,SKIPPED
55763455,1560956970,1185B,WRONG_ANSWER
55757912,1560956101,1185A,WRONG_ANSWER
55721240,1560871439,110A,OK
55721079,1560871156,110A,OK
55720300,1560869747,110A,OK
55719525,1560868328,266B,OK
55719479,1560868224,266B,RUNTIME_ERROR
55719457,1560868196,266B,COMPILATION_ERROR
55645955,1560687478,1181C,OK
55643241,1560684679,1181B,OK
55635334,1560681866,1181C,WRONG_ANSWER
55631849,1560680746,1181C,WRONG_ANSWER
55627990,1560679647,1181C,WRONG_ANSWER
55618711,1560678076,1181A,OK
55515604,1560402101,1182E,OK
55515122,1560400403,1182E,OK
55504070,1560358008,1182E,WRONG_ANSWER
55503799,1560357364,1182E,WRONG_ANSWER
55493202,1560337854,1182E,OK
55491076,1560333994,1182E,WRONG_ANSWER
55483508,1560321633,1182E,WRONG_ANSWER
55483157,1560320962,1182E,MEMORY_LIMIT_EXCEEDED
55465752,1560270313,1182B,OK
55456079,1560263303,1182C,OK
55439518,1560258939,1182B,WRONG_ANSWER
55435524,1560258527,1182A,OK
55264891,1559915600,1173C,OK
55264417,1559915392,1173C,WRONG_ANSWER
55263922,1559915168,1173C,WRONG_ANSWER
55257267,1559912244,1173C,WRONG_ANSWER
55252517,1559910718,1173B,OK
55246277,1559909564,1173A,OK
55244618,1559909412,1173A,WRONG_ANSWER
55168590,1559752434,1175D,WRONG_ANSWER
55161295,1559750747,1175C,OK
55143174,1559747194,1175B,OK
55140631,1559746802,1175B,WRONG_ANSWER
55132730,1559745734,1175A,OK
54749639,1559045681,102215D,OK
54741352,1559030859,102215E,OK
54741312,1559030774,102215E,WRONG_ANSWER
54736922,1559021645,102215J,OK
54736668,1559021139,102215J,WRONG_ANSWER
54728595,1558991027,102215E,WRONG_ANSWER
54728580,1558990967,102215E,COMPILATION_ERROR
54728474,1558990627,102215J,WRONG_ANSWER
54727480,1558990176,102215J,WRONG_ANSWER
54726288,1558990114,102215L,OK
54726270,1558990057,102215L,WRONG_ANSWER
54726259,1558990020,102215B,OK
54726246,1558989983,102215A,OK
54726235,1558989947,102215C,OK
54726222,1558989901,102215E,WRONG_ANSWER
54723800,1558983416,1169D,OK
54722748,1558981201,1169C,OK
54722574,1558980872,1169C,WRONG_ANSWER
54694476,1558895275,1169E,WRONG_ANSWER
54694374,1558895142,1169E,WRONG_ANSWER
54693219,1558892098,1169E,WRONG_ANSWER
54692440,1558891902,1169E,WRONG_ANSWER
54691936,1558891721,1169E,WRONG_ANSWER
54676901,1558886417,1169B,OK
54676224,1558886260,1169B,WRONG_ANSWER
54670423,1558885250,1169A,OK
54409144,1558341374,101161I,OK
54312404,1558112694,1166D,WRONG_ANSWER
54305023,1558110654,1166C,OK
54304744,1558110566,1166C,WRONG_ANSWER
54300516,1558109330,1166C,WRONG_ANSWER
54300126,1558109211,1166C,WRONG_ANSWER
54293177,1558107387,1166B,OK
54290896,1558106875,1166B,WRONG_ANSWER
54284706,1558105747,1166A,OK
54215086,1557950578,337D,WRONG_ANSWER
54204546,1557936980,1167D,OK
54201092,1557935814,1167C,OK
54200048,1557935500,1167C,WRONG_ANSWER
54196192,1557934450,1167C,WRONG_ANSWER
54189285,1557932876,1167B,OK
54189040,1557932826,1167B,WRONG_ANSWER
54186463,1557932311,1167B,WRONG_ANSWER
54178409,1557931081,1167A,OK
54160816,1557901609,766E,OK
54145115,1557861273,161D,OK
54145060,1557861174,161D,OK
54144853,1557860816,161D,WRONG_ANSWER
54143834,1557859290,1156D,OK
54143775,1557859205,1156D,WRONG_ANSWER
54143576,1557858914,1156D,WRONG_ANSWER
54141334,1557856163,1156D,WRONG_ANSWER
54140531,1557854990,1156D,WRONG_ANSWER
54044404,1557678166,1159C,OK
54040087,1557676005,1159C,WRONG_ANSWER
54038026,1557675073,1159C,WRONG_ANSWER
54032593,1557673041,1159B,OK
54031398,1557672696,1159B,WRONG_ANSWER
54029131,1557672009,1159A,OK
53930844,1557424049,1163C2,OK
53930239,1557421473,1163C2,WRONG_ANSWER
53926124,1557419937,1163C1,OK
53924353,1557419197,1163C1,WRONG_ANSWER
53923612,1557418896,1163C1,WRONG_ANSWER
53919965,1557417552,1163B2,OK
53914747,1557415788,1163B1,OK
53911133,1557414841,1163A,OK
53770691,1557032329,1162C,WRONG_ANSWER
53770662,1557032253,1162C,OK
53770208,1557030656,1162C,WRONG_ANSWER
53768704,1557025350,1162C,OK
53768606,1557025068,1162C,WRONG_ANSWER
53767920,1557022888,1162C,WRONG_ANSWER
53758725,1556995117,1162C,WRONG_ANSWER
53756233,1556993640,1162B,OK
53754447,1556992629,1162C,WRONG_ANSWER
53751605,1556991249,1162C,WRONG_ANSWER
53746741,1556989738,1162A,OK
53628475,1556724371,1156A,OK
53616401,1556722037,1156A,WRONG_ANSWER
53526273,1556555405,1150D,WRONG_ANSWER
53525564,1556555053,1150D,WRONG_ANSWER
53513739,1556550753,1150C,OK
53509114,1556549798,1150B,OK
53505685,1556549240,1150A,OK
53457085,1556423639,1157B,OK
53352213,1556293826,1157D,WRONG_ANSWER
53337632,1556291473,1157C2,WRONG_ANSWER
53337390,1556291442,1157C1,OK
53331112,1556290620,1157B,WRONG_ANSWER
53329393,1556290390,1157B,WRONG_ANSWER
53250126,1556122135,1152C,WRONG_ANSWER
53249669,1556121999,1152C,WRONG_ANSWER
53249332,1556121913,1152C,TIME_LIMIT_EXCEEDED
53240609,1556119525,1152B,OK
53238326,1556119000,1152B,WRONG_ANSWER
53237565,1556118822,1152B,WRONG_ANSWER
53236569,1556118601,1152B,WRONG_ANSWER
53233617,1556117954,1152B,WRONG_ANSWER
53227773,1556116788,1152A,OK
53076282,1555796899,1146C,OK
53076210,1555796735,1146C,WRONG_ANSWER
53076164,1555796618,1146C,WRONG_ANSWER
53073770,1555791639,1146D,OK
53063191,1555785080,1146B,OK
53060401,1555784238,1146B,TIME_LIMIT_EXCEEDED
53059378,1555783990,1146A,OK
53011687,1555676690,1154F,OK
53011667,1555676662,1154F,WRONG_ANSWER
53011593,1555676513,1154F,WRONG_ANSWER
53010517,1555674836,1151E,OK
52995718,1555644907,1151D,OK
52995355,1555643924,1151B,OK
52995338,1555643881,1151B,WRONG_ANSWER
52978483,1555607062,1151C,OK
52962469,1555602405,1151A,OK
52942477,1555581333,1154F,WRONG_ANSWER
52873604,1555439474,1154G,OK
52870144,1555435084,1154D,OK
52864991,1555432223,1154G,TIME_LIMIT_EXCEEDED
52857061,1555430453,1154D,WRONG_ANSWER
52850764,1555429076,1154E,OK
52842653,1555427473,1154C,OK
52833855,1555426104,1154B,OK
52828229,1555425450,1154A,OK
52729651,1555211519,1153D,WRONG_ANSWER
52713072,1555171295,1153D,WRONG_ANSWER
52704068,1555168544,1153D,WRONG_ANSWER
52702736,1555168169,1153D,WRONG_ANSWER
52691387,1555165666,1153B,OK
52685038,1555164667,1153A,OK
52652544,1555089499,101532H,WRONG_ANSWER
52652150,1555088857,101532H,WRONG_ANSWER
52650647,1555086437,101532G,OK
52650428,1555086099,101532G,TIME_LIMIT_EXCEEDED
52650351,1555085978,101532G,TIME_LIMIT_EXCEEDED
52650325,1555085930,101532H,WRONG_ANSWER
52649190,1555084156,101532K,OK
52648627,1555083391,101532B,OK
52402936,1554554570,1119C,OK
52391183,1554551640,1119B,OK
52386261,1554550900,1119A,OK
52374031,1554535865,101498I,WRONG_ANSWER
52372239,1554533052,101498H,WRONG_ANSWER
52340708,1554459680,101667L,OK
52340680,1554459628,101667K,OK
52340641,1554459542,101667J,TIME_LIMIT_EXCEEDED
52340596,1554459471,101667I,OK
52340565,1554459417,101667H,OK
52340493,1554459305,101667G,OK
52340464,1554459262,101667F,OK
52340295,1554459001,101667E,OK
52340275,1554458962,101667D,OK
52340246,1554458904,101667C,OK
52340212,1554458830,101667B,OK
52339781,1554458025,101667A,OK
52331981,1554443777,101667E,WRONG_ANSWER
52331678,1554443176,101667C,OK
52291044,1554342193,102055L,OK
52290932,1554341596,102055I,OK
52290901,1554341474,102055H,TIME_LIMIT_EXCEEDED
52290884,1554341406,102055H,COMPILATION_ERROR
52290871,1554341339,102055G,OK
52290853,1554341266,102055D,OK
52290849,1554341241,102055D,COMPILATION_ERROR
52290805,1554341036,102055C,RUNTIME_ERROR
52290803,1554341001,102055C,WRONG_ANSWER
52290785,1554340908,102055C,WRONG_ANSWER
52290779,1554340863,102055C,RUNTIME_ERROR
52290725,1554340543,102055A,OK
52290710,1554340495,102055K,OK
52290643,1554340150,102055I,OK
52290629,1554340060,102055I,COMPILATION_ERROR
52290542,1554339560,102055B,OK
52242594,1554224436,102152K,COMPILATION_ERROR
52119378,1554047930,1144F,OK
52110858,1554045800,1144D,OK
52105990,1554044763,1144C,OK
52103946,1554044365,1144B,OK
52101747,1554043947,1144A,OK
52079734,1554032473,1143E,OK
52079386,1554031918,1143E,WRONG_ANSWER
52071817,1554019897,1143D,OK
52040233,1553968077,1143C,OK
52035450,1553966871,1143B,OK
52032319,1553966252,1143A,OK
52014329,1553939628,102134E,OK
52003018,1553929582,984D,OK
52002831,1553929293,984D,WRONG_ANSWER
51912979,1553714336,1140F,OK
51912934,1553714237,1140F,WRONG_ANSWER
51912552,1553713345,1140F,WRONG_ANSWER
51911814,1553711749,1140F,WRONG_ANSWER
51888066,1553672096,1140E,OK
51887438,1553670809,1140E,WRONG_ANSWER
51816662,1553506709,1141G,OK
51814753,1553502322,1141F1,OK
51814728,1553502272,1141F2,OK
51813444,1553499200,1141F2,WRONG_ANSWER
51812993,1553498135,1141F2,RUNTIME_ERROR
51812956,1553498042,1141F2,RUNTIME_ERROR
51812784,1553497616,1141F2,WRONG_ANSWER
51812748,1553497533,1141F2,WRONG_ANSWER
51811785,1553494981,1141E,OK
51790192,1553430561,1140E,WRONG_ANSWER
51717746,1553273795,1140B,OK
51716656,1553273484,1140B,WRONG_ANSWER
51710509,1553271740,1140D,OK
51708928,1553271326,1140C,OK
51700779,1553269538,1140B,WRONG_ANSWER
51699474,1553269299,1140B,WRONG_ANSWER
51690280,1553267781,1140A,OK
51636731,1553184842,1139C,OK
51630691,1553183465,1139B,OK
51625026,1553182706,1139A,OK
51620768,1553177597,355E,OK
51620447,1553177144,354C,OK
51604524,1553150264,1141E,WRONG_ANSWER
51532635,1553013253,1141E,WRONG_ANSWER
51522550,1553011329,1141E,WRONG_ANSWER
51520216,1553010873,1141E,WRONG_ANSWER
51509917,1553009092,1141C,OK
51505624,1553008391,1141D,OK
51501871,1553007813,1141D,WRONG_ANSWER
51493719,1553006816,1141B,OK
51490463,1553006487,1141A,OK
51408262,1552820043,102141E,OK
51407625,1552818970,102141E,WRONG_ANSWER
51407080,1552818044,102141C,OK
51406953,1552817821,102141C,WRONG_ANSWER
51406916,1552817754,102141C,WRONG_ANSWER
51406815,1552817616,102141C,WRONG_ANSWER
51406351,1552817007,102141G,OK
51406320,1552816964,102141G,RUNTIME_ERROR
51189660,1552326851,1136C,OK
51189048,1552326599,1136C,WRONG_ANSWER
51187370,1552325955,1136C,WRONG_ANSWER
51186034,1552325462,1136C,WRONG_ANSWER
51181867,1552324218,1136B,OK
51173463,1552322502,1136A,OK
51078770,1552127166,1138C,OK
51062256,1552103479,1138C,WRONG_ANSWER
51025854,1552044725,1138C,WRONG_ANSWER
51023028,1552043563,1138C,WRONG_ANSWER
51011012,1552037860,1138D,WRONG_ANSWER
51006278,1552036294,1138A,OK
50985189,1551985985,1133F2,OK
50981091,1551981268,1133E,OK
50975674,1551978248,1133E,WRONG_ANSWER
50974089,1551978016,1133E,WRONG_ANSWER
50970286,1551977363,1133E,WRONG_ANSWER
50969518,1551977225,1133E,WRONG_ANSWER
50965955,1551976564,1133F1,OK
50953134,1551974365,1133D,OK
50952076,1551974193,1133D,WRONG_ANSWER
50951224,1551974065,1133D,WRONG_ANSWER
50941822,1551972644,1133C,OK
50938409,1551972137,1133B,OK
50934495,1551971504,1133A,OK
50917560,1551943166,1132G,OK
50901021,1551893182,1132F,WRONG_ANSWER
50900868,1551892966,1132F,OK
50885965,1551871194,1132C,WRONG_ANSWER
50885826,1551870999,1132C,OK
50860128,1551808552,1132A,OK
50860079,1551808512,1132A,COMPILATION_ERROR
50859056,1551807554,1132C,WRONG_ANSWER
50858937,1551807454,1132C,WRONG_ANSWER
50851276,1551804553,1132C,WRONG_ANSWER
50849970,1551804150,1132C,WRONG_ANSWER
50831599,1551799343,1132B,OK
50828305,1551798930,1132A,CHALLENGED
50744600,1551628494,1121B,OK
50637456,1551443198,1114F,OK
50632876,1551434897,1114F,WRONG_ANSWER
50629646,1551428556,1114F,WRONG_ANSWER
50629631,1551428518,1114F,RUNTIME_ERROR
50627996,1551424844,1114F,WRONG_ANSWER
50618538,1551390008,1114F,WRONG_ANSWER
50618512,1551389913,1114F,TIME_LIMIT_EXCEEDED
50467106,1551040355,1130D1,OK
50467087,1551040322,1130D1,OK
50466694,1551039397,1130D2,OK
50465936,1551037784,1130D2,TIME_LIMIT_EXCEEDED
50465610,1551037190,1130D2,TIME_LIMIT_EXCEEDED
50460367,1551029572,1130D2,TIME_LIMIT_EXCEEDED
50460267,1551029546,1130D1,OK
50455016,1551027713,1130D1,WRONG_ANSWER
50448482,1551025494,1130C,OK
50442573,1551024009,1130B,OK
50438223,1551023222,1130A,OK
50436530,1551022984,1130A,WRONG_ANSWER
50226675,1550648354,1118A,OK
50226357,1550647815,1118B,OK
50226258,1550647665,1118B,WRONG_ANSWER
50223564,1550643349,1118C,OK
50223529,1550643262,1118C,OK
50223481,1550643183,1118C,RUNTIME_ERROR
50223225,1550642785,1118C,WRONG_ANSWER
50223104,1550642527,1118C,WRONG_ANSWER
50214823,1550633764,1118D1,OK
50214729,1550633513,1118D2,OK
50214340,1550632219,1118E,OK
50181081,1550589936,1118D1,WRONG_ANSWER
50174285,1550588183,1118F1,OK
50131993,1550511712,1117C,WRONG_ANSWER
50131221,1550511485,1117C,RUNTIME_ERROR
50111135,1550505613,1117B,OK
50104035,1550504672,1117A,OK
50091939,1550487176,1114F,COMPILATION_ERROR
50091901,1550487109,1114F,TIME_LIMIT_EXCEEDED
50090845,1550484975,1114F,TIME_LIMIT_EXCEEDED
50090683,1550484640,1114F,TIME_LIMIT_EXCEEDED
50089529,1550482181,1114F,WRONG_ANSWER
50085484,1550473870,1114F,WRONG_ANSWER
50085378,1550473714,1114F,WRONG_ANSWER
50084636,1550472268,1114F,WRONG_ANSWER
50082392,1550467037,1114F,MEMORY_LIMIT_EXCEEDED
50081872,1550465460,1114F,WRONG_ANSWER
50081573,1550464433,1114F,WRONG_ANSWER
50081318,1550463456,1114F,TIME_LIMIT_EXCEEDED
50075249,1550435992,1114F,MEMORY_LIMIT_EXCEEDED
50074382,1550433367,1114F,WRONG_ANSWER
50074293,1550433126,1114F,WRONG_ANSWER
50074246,1550433009,1114F,MEMORY_LIMIT_EXCEEDED
50074161,1550432818,1114F,MEMORY_LIMIT_EXCEEDED
50073644,1550431543,1114F,WRONG_ANSWER
50073548,1550431276,1114F,MEMORY_LIMIT_EXCEEDED
50073352,1550430819,1114F,WRONG_ANSWER
50072540,1550428898,1114F,WRONG_ANSWER
50072509,1550428827,1114F,WRONG_ANSWER
50063577,1550411160,1114C,OK
50063529,1550411087,1114C,OK
50063475,1550411001,1114C,TIME_LIMIT_EXCEEDED
50063386,1550410878,1114C,RUNTIME_ERROR
50027127,1550341424,1113D,OK
50019115,1550338848,1113C,OK
50018852,1550338778,1113C,RUNTIME_ERROR
50007382,1550336288,1113B,OK
50001185,1550335414,1113A,OK
49998619,1550333846,797E,OK
49998564,1550333707,797C,OK
49998522,1550333627,797B,OK
49998488,1550333552,797A,OK
49916465,1550162586,557C,OK
49731016,1549814438,1114C,OK
49730889,1549814412,1114C,COMPILATION_ERROR
49724186,1549812969,1114C,TIME_LIMIT_EXCEEDED
49716701,1549811251,1114B,OK
49713316,1549810486,1114C,TIME_LIMIT_EXCEEDED
49713146,1549810450,1114C,COMPILATION_ERROR
49699208,1549807864,1114A,OK
49585659,1549550572,1110C,OK
49567696,1549547117,1110A,OK
49446805,1549252747,1111B,OK
49446689,1549252259,1111B,WRONG_ANSWER
49446672,1549252178,1111B,WRONG_ANSWER
49416887,1549210396,1111B,WRONG_ANSWER
49416170,1549210244,1111B,WRONG_ANSWER
49405156,1549208459,1111A,OK
49264052,1548941412,1106D,OK
49260797,1548940451,1106C,OK
49259679,1548940168,1106B,OK
49247441,1548938430,1106A,OK
49167620,1548781234,158D,OK
49167034,1548780592,158D,WRONG_ANSWER
49166484,1548779964,158D,OK
49166391,1548779863,158D,WRONG_ANSWER
49165837,1548779237,158D,OK
49165066,1548778292,158D,TIME_LIMIT_EXCEEDED
49164769,1548777896,158D,TIME_LIMIT_EXCEEDED
49142563,1548759564,515B,OK
49142423,1548759353,515B,WRONG_ANSWER
49140401,1548755691,236C,OK
49139120,1548753368,707C,OK
49139075,1548753297,707C,WRONG_ANSWER
49138854,1548752902,707C,WRONG_ANSWER
49137318,1548750206,415C,OK
49137291,1548750157,415C,OK
49137175,1548749915,414A,OK
49137091,1548749737,414A,WRONG_ANSWER
49133887,1548743552,271D,OK
49130618,1548733413,631C,OK
49129627,1548730132,631C,WRONG_ANSWER
49129523,1548729761,631C,WRONG_ANSWER
49116289,1548695152,631C,WRONG_ANSWER
49050463,1548586174,1107E,OK
49039615,1548568442,1107D,OK
49039491,1548568219,1107E,OK
49022773,1548525353,1107D,MEMORY_LIMIT_EXCEEDED
49021909,1548524709,1107D,MEMORY_LIMIT_EXCEEDED
49010263,1548520267,1107B,OK
49009581,1548520035,1107C,OK
48998747,1548517683,1107A,OK
48985738,1548504778,959D,OK
48985639,1548504662,959D,WRONG_ANSWER
48985345,1548504279,959D,WRONG_ANSWER
48983062,1548501082,959D,WRONG_ANSWER
48982904,1548500827,959D,WRONG_ANSWER
48982294,1548500140,959D,WRONG_ANSWER
48982071,1548499998,959D,WRONG_ANSWER
48980195,1548498326,959D,WRONG_ANSWER
48980040,1548498178,959D,WRONG_ANSWER
48979094,1548497301,959D,WRONG_ANSWER
48978798,1548497060,959D,WRONG_ANSWER
48944832,1548441073,959D,WRONG_ANSWER
48944787,1548441001,959D,WRONG_ANSWER
48944405,1548440299,959D,WRONG_ANSWER
48944125,1548439824,959D,WRONG_ANSWER
48943988,1548439585,959D,TIME_LIMIT_EXCEEDED
48910901,1548381939,616D,OK
48900330,1548351890,1108E2,OK
48900045,1548351431,1108E2,WRONG_ANSWER
48899872,1548351158,1108E2,WRONG_ANSWER
48849478,1548262102,1108E2,TIME_LIMIT_EXCEEDED
48849238,1548261906,1108E2,TIME_LIMIT_EXCEEDED
48843890,1548260342,1108E1,OK
48835576,1548258431,1108D,OK
48825218,1548256637,1108B,OK
48821582,1548256143,1108B,WRONG_ANSWER
48820893,1548256055,1108B,WRONG_ANSWER
48818095,1548255737,1108C,OK
48808595,1548254758,1108A,OK
48807448,1548254657,1108A,WRONG_ANSWER
48803348,1548254365,1108A,WRONG_ANSWER
48802034,1548254268,1108A,WRONG_ANSWER
48777593,1548220370,1104C,OK
48777580,1548220336,1104C,WRONG_ANSWER
48777534,1548220226,1104C,WRONG_ANSWER
48776341,1548217110,1104B,OK
48776255,1548216811,1104B,OK
48757106,1548174038,1104B,OK
48755680,1548173611,1104B,SKIPPED
48747685,1548171456,1104B,WRONG_ANSWER
48742500,1548170337,1104C,WRONG_ANSWER
48741419,1548170142,1104C,WRONG_ANSWER
48734487,1548169015,1104B,WRONG_ANSWER
48733117,1548168825,1104B,WRONG_ANSWER
48728694,1548168295,1104A,OK
48725713,1548168009,1104A,WRONG_ANSWER
48646545,1548006603,1105D,OK
48639993,1547996909,1105D,WRONG_ANSWER
48639497,1547996500,1105D,WRONG_ANSWER
48639335,1547996402,1105D,WRONG_ANSWER
48632142,1547991226,1105D,WRONG_ANSWER
48621127,1547988149,1105C,OK
48611842,1547986622,1105B,OK
48608891,1547986209,1105A,OK
48605124,1547980038,754D,OK
48604311,1547978319,754D,WRONG_ANSWER
48604209,1547978128,754D,TIME_LIMIT_EXCEEDED
48603991,1547977681,754D,RUNTIME_ERROR
48603399,1547976536,754D,WRONG_ANSWER
48354096,1547396210,1100E,TIME_LIMIT_EXCEEDED
48347489,1547393734,1100C,OK
48338743,1547391560,1100A,OK
48333617,1547390723,1100B,OK
48318621,1547366497,1047C,OK
48315146,1547359544,1047C,OK
48302151,1547314295,1101D,OK
48265830,1547237143,1101D,OK
48265717,1547236912,1101D,TIME_LIMIT_EXCEEDED
48265571,1547236591,1101D,WRONG_ANSWER
48265484,1547236401,1101D,WRONG_ANSWER
48250272,1547223419,1101E,OK
48247702,1547222845,1101B,OK
48243160,1547221863,1101B,WRONG_ANSWER
48236357,1547220508,1101C,OK
48226773,1547218871,1101B,WRONG_ANSWER
48222679,1547218266,1101B,WRONG_ANSWER
48217920,1547217636,1101A,OK
48152485,1547051603,1102C,OK
48151209,1547051324,1102C,WRONG_ANSWER
48150582,1547051168,1102C,WRONG_ANSWER
48148138,1547050528,1102C,WRONG_ANSWER
48147731,1547050414,1102C,WRONG_ANSWER
48146635,1547050115,1102C,WRONG_ANSWER
48144305,1547049524,1102C,WRONG_ANSWER
48142582,1547049101,1102C,WRONG_ANSWER
48141921,1547048942,1102C,WRONG_ANSWER
48136660,1547047747,1102D,OK
48126768,1547045891,1102B,OK
48125996,1547045754,1102B,WRONG_ANSWER
48124091,1547045443,1102B,WRONG_ANSWER
48119651,1547044745,1102A,OK
48005811,1546713120,1099D,OK
48003219,1546712217,1099D,WRONG_ANSWER
47993739,1546709508,1099B,OK
47991517,1546709024,1099A,OK
47989227,1546708530,1099B,WRONG_ANSWER
47985276,1546707781,1099C,OK
47983599,1546707503,1099C,WRONG_ANSWER
47982753,1546707376,1099C,WRONG_ANSWER
47946307,1546630770,1097C,OK
47946256,1546630689,1097C,RUNTIME_ERROR
47946180,1546630556,1097C,COMPILATION_ERROR
47922881,1546615801,1097C,WRONG_ANSWER
47919299,1546615059,1097C,WRONG_ANSWER
47911369,1546613879,1097B,OK
47903095,1546613277,1097A,OK
47882425,1546542743,546C,OK
47882057,1546541908,546D,OK
47881217,1546540098,546B,OK
47881143,1546539923,546B,WRONG_ANSWER
47880900,1546539407,546A,OK
47880372,1546538245,1096D,OK
47879577,1546536602,1096C,OK
47756371,1546186377,1091C,OK
47738047,1546181734,1091B,OK
47728882,1546180749,1091A,OK
47653442,1546014598,1096C,WRONG_ANSWER
47653310,1546014566,1096C,WRONG_ANSWER
47653081,1546014497,1096C,WRONG_ANSWER
47646806,1546012481,1096D,WRONG_ANSWER
47642681,1546011283,1096B,OK
47640636,1546010722,1096B,WRONG_ANSWER
47637293,1546009870,1096B,WRONG_ANSWER
47634597,1546009270,1096B,WRONG_ANSWER
47626477,1546007889,1096A,OK
47623395,1546005211,1095C,OK
47622791,1546004217,1095D,OK
47620668,1546000773,1095D,WRONG_ANSWER
47582613,1545926516,1095F,OK
47580319,1545925920,1095F,WRONG_ANSWER
47566748,1545922930,1095B,OK
47564569,1545922568,1095A,OK
47504264,1545770317,1093E,OK
47504064,1545769569,1093E,OK
47504038,1545769494,1093E,MEMORY_LIMIT_EXCEEDED
47500465,1545759319,1093E,TIME_LIMIT_EXCEEDED
47487044,1545730088,1093E,TIME_LIMIT_EXCEEDED
47487020,1545730028,1093E,TIME_LIMIT_EXCEEDED
47486902,1545729667,1093E,WRONG_ANSWER
47465860,1545674422,1088E,OK
47424934,1545577777,1087D,OK
47421741,1545576728,1087B,OK
47420340,1545576298,1087C,OK
47416070,1545575041,1087C,WRONG_ANSWER
47401223,1545572532,1087A,OK
47332902,1545399992,698B,WRONG_ANSWER
47332647,1545399537,698B,WRONG_ANSWER
47328990,1545393342,698B,WRONG_ANSWER
47328942,1545393251,698B,WRONG_ANSWER
47328364,1545392198,698B,WRONG_ANSWER
47327439,1545390667,959C,OK
47327405,1545390603,959C,WRONG_ANSWER
47327088,1545390053,959C,WRONG_ANSWER
47323697,1545383435,1092F,OK
47323634,1545383342,1092F,WRONG_ANSWER
47284843,1545283404,1092D1,OK
47284821,1545283328,1092D1,COMPILATION_ERROR
47284482,1545282206,1092D1,OK
47272565,1545240327,1092F,OK
47270354,1545236442,1092F,OK
47269634,1545235190,1092F,WRONG_ANSWER
47211129,1545146724,1092D1,WRONG_ANSWER
47205872,1545145370,1092C,OK
47198582,1545144204,1092B,OK
47196323,1545143919,1092A,OK
47193923,1545140235,1081D,OK
47174294,1545064817,1081E,OK
47174228,1545064699,1081E,WRONG_ANSWER
47126246,1544975134,1081C,OK
47124627,1544974516,1081C,WRONG_ANSWER
47123838,1544974239,1081C,WRONG_ANSWER
47122536,1544973786,1081C,WRONG_ANSWER
47117638,1544972398,1081B,OK
47116505,1544972110,1081B,WRONG_ANSWER
47111549,1544971144,1081A,OK
47074302,1544892433,1093D,OK
47074151,1544892353,1093D,WRONG_ANSWER
47061172,1544888193,1093D,WRONG_ANSWER
47060696,1544888078,1093D,WRONG_ANSWER
47059341,1544887725,1093D,WRONG_ANSWER
47057028,1544887193,1093D,WRONG_ANSWER
47056532,1544887086,1093D,WRONG_ANSWER
47051068,1544886019,1093C,OK
47049701,1544885775,1093C,WRONG_ANSWER
47045129,1544885098,1093B,OK
47041762,1544884747,1093A,OK
46874370,1544464845,1084D,OK
46873774,1544464601,1084D,WRONG_ANSWER
46867702,1544462383,1084C,OK
46864501,1544461480,1084B,OK
46863431,1544461214,1084B,WRONG_ANSWER
46861612,1544460758,1084B,WRONG_ANSWER
46859443,1544460166,1084A,OK
46615118,1543939998,1088D,WRONG_ANSWER
46614794,1543939870,1088D,WRONG_ANSWER
46614681,1543939826,1088D,WRONG_ANSWER
46603538,1543936235,1088C,OK
46602408,1543936109,1088C,WRONG_ANSWER
46594878,1543934833,1088B,OK
46590592,1543934368,1088A,OK
46487719,1543743623,758D,WRONG_ANSWER
46477941,1543739353,1089G,WRONG_ANSWER
46475190,1543737921,1089G,WRONG_ANSWER
46471271,1543735926,1089L,OK
46471223,1543735868,1089L,WRONG_ANSWER
46469507,1543732763,758D,WRONG_ANSWER
46397660,1543573773,1082E,OK
46397575,1543573560,1082E,OK
46397553,1543573513,1082E,OK
46397486,1543573368,1082E,OK
46397306,1543572883,1082E,OK
46397162,1543572523,1082E,OK
46396814,1543571625,1082E,WRONG_ANSWER
46378305,1543518731,1082A,OK
46374934,1543515007,1082C,OK
46373890,1543512363,1082B,OK
46373020,1543510508,1082B,WRONG_ANSWER
46372659,1543509783,1082B,WRONG_ANSWER
46372363,1543509175,1082A,OK
46272786,1543310569,580D,OK
46269676,1543302098,580D,WRONG_ANSWER
46269646,1543301961,580D,MEMORY_LIMIT_EXCEEDED
46257337,1543253710,101908F,OK
46257187,1543253360,101908F,WRONG_ANSWER
46257174,1543253320,101908F,COMPILATION_ERROR
46239114,1543213651,1056E,OK
46163017,1543052692,1080D,WRONG_ANSWER
46158595,1543050180,1080C,OK
46157379,1543049451,1080C,WRONG_ANSWER
46156853,1543049129,1080C,WRONG_ANSWER
46150129,1543045912,1080B,OK
46147921,1543045458,1080A,OK
46090962,1542915025,1061C,OK
46090824,1542914795,1061C,WRONG_ANSWER
46090521,1542914407,1061C,WRONG_ANSWER
46084910,1542907566,1061B,OK
46084211,1542907289,1061B,WRONG_ANSWER
46082569,1542906625,1061B,WRONG_ANSWER
46079833,1542905573,1061B,WRONG_ANSWER
46065817,1542901644,1061A,OK
45973691,1542647678,1079C,OK
45948222,1542597347,1079A,OK
45948200,1542597307,1079A,COMPILATION_ERROR
45939177,1542564449,1079D,OK
45932850,1542561292,1079B,OK
45931759,1542560908,1079B,WRONG_ANSWER
45924117,1542558633,1079A,WRONG_ANSWER
45863840,1542438692,1077C,OK
45863697,1542438328,1077C,RUNTIME_ERROR
45837103,1542386074,1077F2,WRONG_ANSWER
45835936,1542385851,1077F1,WRONG_ANSWER
45834960,1542385606,1077F1,WRONG_ANSWER
45833839,1542385313,1077F1,WRONG_ANSWER
45829768,1542384190,1077E,OK
45823286,1542382478,1077D,OK
45811624,1542380081,1077C,CHALLENGED
45808482,1542379624,1077B,OK
45804364,1542379143,1077A,OK
45754300,1542256284,100531G,OK
45754280,1542256208,100531A,OK
45754131,1542255637,100676A,OK
45754061,1542255364,101853C,OK
45754045,1542255310,101908D,OK
45743045,1542222504,1062B,OK
45742987,1542222450,1062B,WRONG_ANSWER
45742104,1542221788,1062B,WRONG_ANSWER
45741849,1542221620,1062B,WRONG_ANSWER
45741766,1542221581,1062A,OK
45740782,1542216899,1062B,WRONG_ANSWER
45739794,1542216697,1062B,WRONG_ANSWER
45738012,1542216155,1062C,OK
45735071,1542215178,1062B,WRONG_ANSWER
45730112,1542213627,1062B,WRONG_ANSWER
45728972,1542213307,1062B,WRONG_ANSWER
45728688,1542213222,1062B,MEMORY_LIMIT_EXCEEDED
45722537,1542211714,1062A,WRONG_ANSWER
45622174,1542038245,1076E,OK
45612804,1542036075,1076C,OK
45608830,1542035373,1076B,OK
45604177,1542034670,1076B,WRONG_ANSWER
45595421,1542033563,1076A,OK
45397988,1541571883,159C,OK
45310260,1541387676,1075C,OK
45310202,1541387399,1075C,WRONG_ANSWER
45304517,1541363791,1075C,WRONG_ANSWER
45301047,1541361386,1075C,WRONG_ANSWER
45299920,1541360591,1075C,WRONG_ANSWER
45291617,1541356111,1075B,OK
45289401,1541355401,1075A,OK
45148369,1541009514,819B,OK
45092356,1540894248,1059C,WRONG_ANSWER
45091160,1540892291,1059B,OK
45088925,1540889041,1059A,OK
45033136,1540792374,1043B,WRONG_ANSWER
45033034,1540792078,1043B,WRONG_ANSWER
45033011,1540791996,1043B,WRONG_ANSWER
45030286,1540782864,1043B,OK
45030255,1540782765,1043B,WRONG_ANSWER
45016897,1540747131,1043D,OK
45009488,1540744165,1043C,OK
45007975,1540743657,1043B,WRONG_ANSWER
44999157,1540741475,1043A,OK
44849982,1540478746,1073B,OK
44847503,1540478417,1073A,OK
44805001,1540404145,1068D,TIME_LIMIT_EXCEEDED
44804499,1540403995,1068D,MEMORY_LIMIT_EXCEEDED
44789340,1540400496,1068B,OK
44785431,1540399906,1068A,WRONG_ANSWER
44782928,1540399537,1068A,WRONG_ANSWER
44781861,1540399337,1068A,WRONG_ANSWER
44633085,1540111753,1072B,WRONG_ANSWER
44626780,1540109977,1072A,OK
44623950,1540109117,1070M,WRONG_ANSWER
44571807,1540012438,1054A,OK
44442906,1539780632,26A,OK
44441941,1539779383,199A,OK
44439880,1539776477,762A,OK
44439825,1539776387,762A,WRONG_ANSWER
44369454,1539627363,1064D,OK
44310297,1539516844,1064D,WRONG_ANSWER
44306472,1539515505,1064C,OK
44304526,1539514859,1064C,WRONG_ANSWER
44299602,1539513275,1064C,WRONG_ANSWER
44294925,1539512160,1064B,OK
44291789,1539511709,1064A,OK
44254935,1539431956,1066B,WRONG_ANSWER
44254816,1539431806,1066B,OK
44254763,1539431727,1066B,OK
44222743,1539367082,128B,WRONG_ANSWER
44213541,1539360965,1066D,OK
44210432,1539360042,1066E,OK
44204097,1539358339,1066C,OK
44202837,1539358032,1066C,WRONG_ANSWER
44201472,1539357699,1066C,WRONG_ANSWER
44196451,1539356560,1066B,WRONG_ANSWER
44190443,1539355224,1066A,OK
44179316,1539340021,1065C,WRONG_ANSWER
44179267,1539339937,1065C,OK
44178770,1539339027,1065C,WRONG_ANSWER
44178632,1539338790,1065C,WRONG_ANSWER
44177092,1539336205,1057B,OK
44176771,1539335748,1057A,OK
44150647,1539276381,1065C,WRONG_ANSWER
44149875,1539276150,1065C,TIME_LIMIT_EXCEEDED
44134169,1539271841,1065B,OK
44133365,1539271693,1065B,WRONG_ANSWER
44132299,1539271499,1065B,WRONG_ANSWER
44129607,1539271058,1065B,WRONG_ANSWER
44125108,1539270438,1065B,WRONG_ANSWER
44118540,1539269670,1065A,OK
43994530,1538995782,101864D,OK
43994403,1538995514,101864D,COMPILATION_ERROR
43994385,1538995469,101864J,OK
43994333,1538995371,101864A,OK
43994231,1538995215,101864C,WRONG_ANSWER
43994200,1538995168,101864L,OK
43993695,1538994271,101864A,WRONG_ANSWER
43990460,1538992289,1033D,OK
43990260,1538991887,1033D,WRONG_ANSWER
43990201,1538991759,1033D,OK
43989915,1538991171,1033D,OK
43989761,1538990934,1033D,RUNTIME_ERROR
43989652,1538990720,1033D,WRONG_ANSWER
43989270,1538990008,1033D,WRONG_ANSWER
43987940,1538987260,1033D,WRONG_ANSWER
43982192,1538971435,1033D,WRONG_ANSWER
43981707,1538970035,1033D,TIME_LIMIT_EXCEEDED
43981640,1538969827,1033D,TIME_LIMIT_EXCEEDED
43981540,1538969536,1033D,TIME_LIMIT_EXCEEDED
43981042,1538967684,1033D,WRONG_ANSWER
43980847,1538966872,1033D,WRONG_ANSWER
43980809,1538966709,1033D,WRONG_ANSWER
43980778,1538966548,1033D,WRONG_ANSWER
43980739,1538966370,1033D,WRONG_ANSWER
43965846,1538936108,1033C,OK
43960011,1538933838,1033B,OK
43958591,1538933473,1033B,WRONG_ANSWER
43955067,1538932718,1033A,OK
43787630,1538657086,1060E,OK
43784541,1538653549,1060D,OK
43769073,1538639648,1060C,OK
43768946,1538639599,1060C,WRONG_ANSWER
43760748,1538637350,1060B,OK
43758023,1538636897,1060A,OK
43339164,1537722222,1058E,WRONG_ANSWER
43338997,1537722055,1058E,WRONG_ANSWER
43335205,1537714990,1058E,WRONG_ANSWER
43331276,1537714229,1058E,WRONG_ANSWER
43326666,1537713164,1058B,OK
43324753,1537712728,1058B,WRONG_ANSWER
43322410,1537712195,1058C,OK
43321887,1537712089,1058C,WRONG_ANSWER
43321159,1537711936,1058C,WRONG_ANSWER
43319829,1537711660,1058C,WRONG_ANSWER
43317531,1537711166,1058C,WRONG_ANSWER
43296240,1537708019,1058A,OK
43218896,1537554290,1047C,OK
43214456,1537547176,1047C,OK
43211111,1537546243,1047C,SKIPPED
43209146,1537545670,1047C,MEMORY_LIMIT_EXCEEDED
43196081,1537542265,1047B,OK
43195596,1537542164,1047B,TIME_LIMIT_EXCEEDED
43193094,1537541682,1047B,WRONG_ANSWER
43187950,1537540995,1047A,OK
43145608,1537461030,1051D,WRONG_ANSWER
43139676,1537459143,1051C,CHALLENGED
43137222,1537458516,1051C,WRONG_ANSWER
43134736,1537457940,1051C,WRONG_ANSWER
43133963,1537457781,1051C,WRONG_ANSWER
43129182,1537456872,1051B,OK
43126406,1537456429,1051A,OK
43125837,1537456342,1051A,WRONG_ANSWER
43123833,1537456057,1051A,WRONG_ANSWER
43068124,1537341159,1042C,OK
43067796,1537340270,1042C,RUNTIME_ERROR
43067592,1537339697,1042C,WRONG_ANSWER
43066485,1537336505,1042C,WRONG_ANSWER
43066366,1537336143,1042C,WRONG_ANSWER
43066328,1537336036,1042C,WRONG_ANSWER
43006464,1537200624,1042D,OK
43006267,1537200263,1042D,OK
42985758,1537176297,1042B,OK
42975084,1537172158,1042A,OK
42970907,1537164859,1041E,OK
42958708,1537119996,1041D,OK
42955747,1537114487,1041B,OK
42952007,1537108846,1041D,WRONG_ANSWER
42942177,1537099872,1041C,OK
42934073,1537097302,1041B,OK
42920070,1537094401,1041A,OK
42733066,1536582855,101061E,WRONG_ANSWER
42732967,1536582711,101061E,WRONG_ANSWER
42732820,1536582461,101061E,OK
42732548,1536582045,101061E,OK
42732505,1536581979,101061E,COMPILATION_ERROR
42732392,1536581789,101061E,WRONG_ANSWER
42723004,1536552978,611F,TIME_LIMIT_EXCEEDED
42722990,1536552910,611F,OK
42645964,1536338412,1036C,OK
42641081,1536336956,1036D,OK
42639320,1536336494,1036D,WRONG_ANSWER
42626515,1536332992,1036B,OK
42620375,1536331523,1036A,OK
42572878,1536250575,1038C,OK
42568777,1536249757,1038B,OK
42560107,1536248390,1038A,OK
42537485,1536202736,1040A,OK
42510511,1536167917,1040B,OK
42510195,1536167844,1040B,WRONG_ANSWER
42508444,1536167419,1040B,WRONG_ANSWER
42500961,1536165779,1040A,CHALLENGED
42396197,1535904767,1037D,OK
42390955,1535903285,1037D,WRONG_ANSWER
42383155,1535901557,1037D,WRONG_ANSWER
42378910,1535900842,1037C,OK
42372601,1535899940,1037B,OK
42367506,1535899253,1037A,OK
42313298,1535729999,4D,OK
42313207,1535729854,4D,WRONG_ANSWER
42312489,1535728375,4D,WRONG_ANSWER
42312440,1535728266,4D,WRONG_ANSWER
42190656,1535423250,1028C,OK
42190587,1535423083,1028C,WRONG_ANSWER
42190541,1535422950,1028C,WRONG_ANSWER
42168162,1535389878,1028B,OK
42159963,1535388057,1028A,OK
42146672,1535361391,743C,OK
42112713,1535268027,101061E,OK
42112551,1535267595,52C,OK
42112498,1535267440,52C,OK
42112334,1535266910,52C,WRONG_ANSWER
42112325,1535266887,52C,WRONG_ANSWER
42112001,1535266064,52C,OK
42101908,1535226944,52C,WRONG_ANSWER
42101848,1535226784,52C,WRONG_ANSWER
42101810,1535226683,52C,WRONG_ANSWER
42100775,1535223833,52C,WRONG_ANSWER
42098603,1535220439,1029D,OK
42098540,1535220280,1029D,WRONG_ANSWER
42098473,1535220112,1029D,WRONG_ANSWER
42096374,1535214638,1029E,WRONG_ANSWER
42096357,1535214601,1029E,OK
42092232,1535205364,1029E,WRONG_ANSWER
42091093,1535203119,69A,OK
42090810,1535202577,69A,WRONG_ANSWER
42089376,1535199998,1029E,WRONG_ANSWER
42086567,1535195258,1029E,WRONG_ANSWER
42086385,1535194906,1029E,WRONG_ANSWER
42063181,1535134013,1029C,OK
42063066,1535133823,1029C,OK
42038700,1535124231,1029B,OK
42032459,1535123111,1029A,OK
41870668,1534702890,1025C,OK
41857734,1534691466,1025C,WRONG_ANSWER
41853302,1534690062,1025B,OK
41836328,1534686554,1025A,OK
41835417,1534686441,1025A,WRONG_ANSWER
41834742,1534686362,1025A,WRONG_ANSWER
41831948,1534686090,1025A,WRONG_ANSWER
41798039,1534613115,1027C,OK
41797918,1534612992,1027C,OK
41797374,1534612395,1027C,OK
41797225,1534612235,1027C,WRONG_ANSWER
41793847,1534610026,1027C,WRONG_ANSWER
41793446,1534609955,1027C,WRONG_ANSWER
41791293,1534609521,1027C,WRONG_ANSWER
41790838,1534609418,1027C,COMPILATION_ERROR
41787045,1534608549,1027C,WRONG_ANSWER
41784751,1534608017,1027C,TIME_LIMIT_EXCEEDED
41784158,1534607891,1027C,RUNTIME_ERROR
41778412,1534606663,1027C,WRONG_ANSWER
41769274,1534604772,1027B,OK
41762680,1534603393,1027A,OK
41722037,1534524233,1023D,OK
41720604,1534523842,1023D,WRONG_ANSWER
41717566,1534522995,1023D,WRONG_ANSWER
41714269,1534522053,1023D,WRONG_ANSWER
41712327,1534521529,1023D,MEMORY_LIMIT_EXCEEDED
41702446,1534519214,1023C,OK
41699399,1534518644,1023B,OK
41687862,1534517032,1023A,OK
41600121,1534274650,1020C,WRONG_ANSWER
41496061,1534001088,1020C,WRONG_ANSWER
41480774,1533996172,1020B,OK
41478723,1533995858,1020A,OK
41474337,1533995310,1020A,WRONG_ANSWER
41369738,1533746430,1017C,OK
41369488,1533746287,1017C,WRONG_ANSWER
41351454,1533741036,1017C,WRONG_ANSWER
41347573,1533738330,1017B,OK
41341049,1533737445,1017A,OK
41339984,1533737347,1017A,WRONG_ANSWER
41109903,1533190750,1015C,WRONG_ANSWER
41062350,1533057255,1015D,OK
41062196,1533057092,1015D,COMPILATION_ERROR
41061944,1533056797,1015D,OK
41060917,1533055943,1015D,WRONG_ANSWER
41032835,1533049086,1015C,OK
41030023,1533048560,1015B,OK
41025545,1533047878,1015A,OK
40951074,1532940762,1013C,OK
40949491,1532940395,1013C,WRONG_ANSWER
40946676,1532939794,1013B,OK
40940606,1532938794,1013A,OK
40891519,1532794767,1011D,OK
40891475,1532794646,1011D,OK
40891421,1532794506,1011D,WRONG_ANSWER
40891281,1532794207,1011D,WRONG_ANSWER
40890646,1532792660,1011D,WRONG_ANSWER
40890602,1532792557,1011D,WRONG_ANSWER
40890507,1532792317,1011D,WRONG_ANSWER
40887907,1532786003,100781C,OK
40887895,1532785979,100781D,OK
40887876,1532785936,100781A,OK
40887847,1532785881,100781E,OK
40887782,1532785722,100781G,OK
40855497,1532710868,740D,OK
40818285,1532638171,1011C,OK
40818188,1532637924,1011C,WRONG_ANSWER
40818165,1532637856,1011C,WRONG_ANSWER
40818121,1532637762,1011C,WRONG_ANSWER
40818067,1532637590,1011C,WRONG_ANSWER
40817418,1532636202,740D,WRONG_ANSWER
40817370,1532636091,740D,COMPILATION_ERROR
40816137,1532633889,740D,OK
40815990,1532633673,740D,OK
40815845,1532633494,740D,MEMORY_LIMIT_EXCEEDED
40815282,1532632836,740D,WRONG_ANSWER
40812632,1532628782,740D,WRONG_ANSWER
40809540,1532624202,1011D,WRONG_ANSWER
40808168,1532623815,1011D,WRONG_ANSWER
40805923,1532623150,1011D,WRONG_ANSWER
40805347,1532622984,1011D,RUNTIME_ERROR
40803613,1532622468,1011D,WRONG_ANSWER
40801801,1532621949,1011D,WRONG_ANSWER
40794031,1532619914,1011C,WRONG_ANSWER
40789444,1532618919,1011B,OK
40784408,1532618029,1011A,OK
40782567,1532616150,740D,RUNTIME_ERROR
40782380,1532615775,740D,WRONG_ANSWER
40782254,1532615495,740D,WRONG_ANSWER
40781901,1532614741,740D,WRONG_ANSWER
40476044,1531828472,1009D,OK
40471683,1531821020,1009D,WRONG_ANSWER
40443811,1531758538,1006D,OK
40442274,1531758131,1006D,WRONG_ANSWER
40441143,1531757791,1006E,OK
40438221,1531756956,1006D,WRONG_ANSWER
40437818,1531756847,1006D,WRONG_ANSWER
40436390,1531756459,1006D,WRONG_ANSWER
40423431,1531753353,1006C,OK
40419419,1531752482,1006B,OK
40415762,1531751905,1006A,OK
40376266,1531653060,1009C,WRONG_ANSWER
40376243,1531653018,1009C,OK
40370266,1531641133,1009B,OK
40369042,1531639063,1009B,WRONG_ANSWER
40346400,1531585449,1009C,CHALLENGED
40346031,1531585340,1009C,WRONG_ANSWER
40339012,1531583163,1009B,WRONG_ANSWER
40333460,1531581615,1009B,WRONG_ANSWER
40327857,1531580200,1009B,WRONG_ANSWER
40323066,1531579231,1009A,OK
40320679,1531575937,1000F,TIME_LIMIT_EXCEEDED
40316716,1531566798,1005E1,OK
40316588,1531566475,1005E1,WRONG_ANSWER
40302786,1531539001,899F,OK
40302757,1531538908,899F,OK
40301327,1531534667,899E,OK
40299176,1531527390,1008B,OK
40281695,1531495822,1008C,OK
40280189,1531495345,1008C,WRONG_ANSWER
40277914,1531494754,1008C,WRONG_ANSWER
40270686,1531493440,1008B,WRONG_ANSWER
40266746,1531492996,1008A,OK
40263442,1531489468,899E,WRONG_ANSWER
40240286,1531418734,899E,WRONG_ANSWER
40240223,1531418477,899E,WRONG_ANSWER
40231901,1531398877,899D,OK
40231861,1531398806,899D,WRONG_ANSWER
40231099,1531397221,899D,WRONG_ANSWER
40230228,1531395388,899C,OK
40229416,1531393490,899B,OK
40228806,1531391977,899A,OK
40178720,1531241954,1005D,OK
40148094,1531161299,1005D,OK
40141219,1531156328,1005D,WRONG_ANSWER
40139012,1531155583,1005D,WRONG_ANSWER
40135859,1531154617,1005D,WRONG_ANSWER
40132269,1531153587,1005D,WRONG_ANSWER
40128529,1531152637,1005C,OK
40123551,1531151590,1005B,OK
40118175,1531150793,1005A,OK
40093651,1531077468,61E,OK
40093439,1531076798,459D,OK
40092454,1531073628,357C,OK
40092422,1531073531,356A,OK
40091069,1531069471,384E,OK
40090979,1531069131,384E,OK
40090898,1531068923,384E,OK
40087907,1531060621,384E,WRONG_ANSWER
40077569,1531032344,622C,OK
40077535,1531032250,622C,OK
40077509,1531032161,622C,RUNTIME_ERROR
40075486,1531024956,242E,OK
40075272,1531023785,242E,WRONG_ANSWER
40068633,1530990360,242E,MEMORY_LIMIT_EXCEEDED
40068595,1530990235,242E,WRONG_ANSWER
40002077,1530812942,1004B,OK
40001282,1530812487,1004C,OK
39991915,1530809118,1004A,OK
39947205,1530691548,1003E,OK
39947074,1530691292,1003E,WRONG_ANSWER
39946495,1530690208,1003E,WRONG_ANSWER
39946425,1530690084,1003E,WRONG_ANSWER
39946020,1530689325,1003E,WRONG_ANSWER
39945843,1530688988,1003E,WRONG_ANSWER
39943459,1530684176,1003E,WRONG_ANSWER
39943365,1530683788,1003E,WRONG_ANSWER
39943322,1530683583,1003E,WRONG_ANSWER
39929146,1530636571,1003D,OK
39924824,1530634955,1003B,OK
39916307,1530632698,1003C,OK
39906913,1530630595,1003B,WRONG_ANSWER
39897319,1530628677,1003A,OK
39854814,1530497725,998D,OK
39846657,1530467075,998C,OK
39846047,1530466391,998C,WRONG_ANSWER
39845690,1530466104,998C,WRONG_ANSWER
39834337,1530456343,998C,WRONG_ANSWER
39830228,1530455296,998B,OK
39825950,1530454515,998A,OK
39824422,1530454294,998A,WRONG_ANSWER
39767511,1530273946,1000D,OK
39767456,1530273819,1000D,OK
39767345,1530273542,1000D,OK
39767291,1530273421,1000D,OK
39764101,1530264845,1000D,WRONG_ANSWER
39745734,1530195881,1000D,WRONG_ANSWER
39745623,1530195598,1000D,WRONG_ANSWER
39741304,1530185674,1000C,OK
39741044,1530184996,1000A,OK
39740991,1530184867,1000A,WRONG_ANSWER
39740958,1530184785,1000A,OK
39723584,1530120395,1000C,OK
39713394,1530113422,1000B,OK
39706004,1530110843,1000A,CHALLENGED
39698640,1530095695,990D,OK
39698614,1530095630,990D,OK
39698469,1530095295,990D,OK
39697555,1530092880,990D,WRONG_ANSWER
39697445,1530092590,990D,WRONG_ANSWER
39697406,1530092493,990D,WRONG_ANSWER
39656713,1529948532,165C,OK
39656576,1529948198,165C,WRONG_ANSWER
39624054,1529863166,996D,OK
39620296,1529861448,996D,WRONG_ANSWER
39618410,1529860690,996D,WRONG_ANSWER
39616498,1529860012,996B,OK
39608669,1529858259,996A,OK
39569824,1529772637,991D,OK
39565534,1529771407,991C,OK
39564875,1529771232,991C,TIME_LIMIT_EXCEEDED
39560870,1529770303,991B,OK
39557208,1529769642,991B,WRONG_ANSWER
39552017,1529768941,991A,OK
39549083,1529768629,991A,WRONG_ANSWER
39539472,1529752052,999E,OK
39539386,1529751796,999E,OK
39539319,1529751629,999E,OK
39539299,1529751588,999E,RUNTIME_ERROR
39535708,1529741451,999E,WRONG_ANSWER
39510084,1529656381,999D,OK
39509391,1529654733,999D,WRONG_ANSWER
39509354,1529654657,999D,WRONG_ANSWER
39493595,1529599124,999D,WRONG_ANSWER
39493509,1529599066,999D,WRONG_ANSWER
39492992,1529598855,999D,WRONG_ANSWER
39492544,1529598765,999D,WRONG_ANSWER
39491052,1529598362,999D,MEMORY_LIMIT_EXCEEDED
39490605,1529598234,999D,MEMORY_LIMIT_EXCEEDED
39489269,1529597805,999D,WRONG_ANSWER
39488410,1529597530,999D,WRONG_ANSWER
39487179,1529597114,999D,WRONG_ANSWER
39484776,1529596270,999D,WRONG_ANSWER
39475045,1529593449,999C,OK
39468972,1529592350,999B,OK
39466218,1529592004,999A,OK
39451493,1529557271,992B,WRONG_ANSWER
39451465,1529557089,992B,WRONG_ANSWER
39451383,1529556802,992B,WRONG_ANSWER
39451283,1529556442,992B,WRONG_ANSWER
39450923,1529554923,992B,WRONG_ANSWER
39450575,1529553459,992B,WRONG_ANSWER
39450514,1529553213,992B,WRONG_ANSWER
39450332,1529552473,992A,OK
39211578,1528882130,990D,WRONG_ANSWER
39211514,1528881961,990D,WRONG_ANSWER
39211074,1528880793,990D,WRONG_ANSWER
39207998,1528872120,990D,WRONG_ANSWER
39191136,1528805999,989C,OK
39191059,1528805821,989C,OK
39190678,1528804953,989C,OK
39190584,1528804765,989C,WRONG_ANSWER
39190542,1528804655,989C,WRONG_ANSWER
39170880,1528738420,989C,WRONG_ANSWER
39168677,1528735130,989C,WRONG_ANSWER
39167600,1528731249,989C,WRONG_ANSWER
39160534,1528727495,989C,WRONG_ANSWER
39154603,1528725523,989B,OK
39149033,1528724458,989A,OK
39106486,1528629060,990C,OK
39104896,1528628640,990C,RUNTIME_ERROR
39103815,1528628360,990C,WRONG_ANSWER
39103268,1528628212,990C,WRONG_ANSWER
39102845,1528628112,990C,WRONG_ANSWER
39094986,1528626303,990B,OK
39089700,1528625378,990A,OK
38897183,1527954843,101810M,OK
38889459,1527940741,101810F,OK
38889202,1527940269,101810F,WRONG_ANSWER
38888515,1527938906,101810F,TIME_LIMIT_EXCEEDED
38886536,1527937184,101810B,OK
38886431,1527936954,101810B,RUNTIME_ERROR
38883960,1527936301,101810B,WRONG_ANSWER
38883912,1527936222,101810B,WRONG_ANSWER
38883895,1527936189,101810B,WRONG_ANSWER
38883590,1527935654,101810I,OK
38883348,1527935237,101810H,OK
38883321,1527935200,101810H,RUNTIME_ERROR
38882988,1527934695,101810C,OK
38882900,1527934557,101810C,WRONG_ANSWER
38882625,1527934145,101810C,WRONG_ANSWER
38877817,1527924750,988F,WRONG_ANSWER
38872808,1527912707,988C,TIME_LIMIT_EXCEEDED
38872784,1527912650,988C,OK
38872544,1527911863,988F,WRONG_ANSWER
38863956,1527877344,988E,OK
38863819,1527876988,988E,WRONG_ANSWER
38863784,1527876898,988E,WRONG_ANSWER
38863651,1527876551,988E,WRONG_ANSWER
38862731,1527874510,988D,OK
38853061,1527868772,988C,CHALLENGED
38838816,1527864795,988B,OK
38835277,1527864193,988A,OK
38834707,1527864108,988A,WRONG_ANSWER
38834065,1527864022,988A,WRONG_ANSWER
38833513,1527863952,988A,COMPILATION_ERROR
38759180,1527654672,987D,OK
38757991,1527651261,987D,WRONG_ANSWER
38753136,1527632956,987D,WRONG_ANSWER
38752995,1527632361,987D,WRONG_ANSWER
38752968,1527632280,987D,WRONG_ANSWER
38752924,1527632129,987D,WRONG_ANSWER
38749841,1527615556,987D,WRONG_ANSWER
38747672,1527614209,987C,OK
38744762,1527613106,987B,OK
38732875,1527609927,987B,WRONG_ANSWER
38727350,1527609006,987A,OK
38710973,1527575794,519B,OK
38710946,1527575690,519B,WRONG_ANSWER
38699362,1527524278,118A,WRONG_ANSWER
38688039,1527495022,276C,OK
38667631,1527436186,981C,OK
38661997,1527433740,981B,OK
38659165,1527433071,981A,OK
38525283,1526969977,985C,OK
38525265,1526969927,985B,OK
38525197,1526969784,985A,OK
38407652,1526665462,682C,OK
38407624,1526665374,682C,OK
38406398,1526662012,682C,WRONG_ANSWER
38402541,1526652433,369C,OK
38400552,1526645293,430C,OK
38396415,1526635821,982C,OK
38396373,1526635751,982C,OK
38396343,1526635685,982C,WRONG_ANSWER
38392541,1526627670,262C,OK
38391525,1526625377,262B,OK
38391467,1526625253,262B,WRONG_ANSWER
38391437,1526625202,262B,RUNTIME_ERROR
38391402,1526625099,262B,WRONG_ANSWER
38391178,1526624603,262B,WRONG_ANSWER
38391026,1526624361,262B,RUNTIME_ERROR
38390817,1526623802,262B,WRONG_ANSWER
38390450,1526622800,262A,OK
38364869,1526576450,982B,OK
38359750,1526575629,982A,OK
38357032,1526575281,982A,WRONG_ANSWER
38355816,1526575112,982A,WRONG_ANSWER
38342327,1526545928,639B,OK
38342305,1526545871,639B,MEMORY_LIMIT_EXCEEDED
38340202,1526539752,639B,WRONG_ANSWER
38338230,1526532773,764C,OK
38338205,1526532699,764C,WRONG_ANSWER
38338075,1526532285,764C,WRONG_ANSWER
38338068,1526532243,764C,WRONG_ANSWER
38337644,1526530206,764C,WRONG_ANSWER
38319870,1526472030,984C,OK
38319817,1526471950,984C,OK
38313374,1526457685,978G,OK
38287718,1526399469,984C,WRONG_ANSWER
38278282,1526396701,984B,OK
38273301,1526395884,984A,OK
38247133,1526323470,979B,OK
38247103,1526323426,979B,RUNTIME_ERROR
38246653,1526322679,979B,WRONG_ANSWER
38236123,1526313035,979C,OK
38232782,1526311979,979C,WRONG_ANSWER
38230455,1526311281,979C,WRONG_ANSWER
38223422,1526309634,979A,OK
38217471,1526308735,979A,CHALLENGED
38193486,1526221317,978F,OK
38192714,1526219549,978A,OK
38192701,1526219528,978B,OK
38192695,1526219514,978C,OK
38192677,1526219485,978D,OK
38192660,1526219443,978E,OK
38005228,1525719842,977F,OK
38005110,1525719442,977F,RUNTIME_ERROR
38004876,1525718739,977D,OK
38004837,1525718618,977D,WRONG_ANSWER
37975043,1525626257,977E,OK
37967457,1525621768,977E,WRONG_ANSWER
37966262,1525621427,977E,WRONG_ANSWER
37965483,1525621215,977E,WRONG_ANSWER
37955363,1525618943,977C,OK
37951628,1525618319,977C,WRONG_ANSWER
37948978,1525617926,977C,WRONG_ANSWER
37944621,1525617274,977C,WRONG_ANSWER
37943859,1525617166,977C,WRONG_ANSWER
37941949,1525616917,977C,WRONG_ANSWER
37940417,1525616760,977C,WRONG_ANSWER
37937456,1525616433,977B,OK
37934418,1525616122,977B,WRONG_ANSWER
37931493,1525615711,977A,OK
37926308,1525603555,686D,TIME_LIMIT_EXCEEDED
37926284,1525603493,686D,RUNTIME_ERROR
37925902,1525602189,321C,OK
37925788,1525601727,321C,RUNTIME_ERROR
37743084,1525075114,925B,OK
37743014,1525074917,925B,WRONG_ANSWER
37743000,1525074858,925D,WRONG_ANSWER
37742941,1525074675,925B,WRONG_ANSWER
37742307,1525072696,925B,WRONG_ANSWER
37742261,1525072550,925B,WRONG_ANSWER
37737812,1525057189,967B,OK
37737785,1525057121,967A,OK
37737758,1525057028,967C,OK
37737727,1525056902,967C,WRONG_ANSWER
37638940,1524751346,965B,OK
37638247,1524750047,965A,OK
37369635,1523875516,101350F,OK
37259967,1523564470,609E,OK
37259947,1523564383,609E,RUNTIME_ERROR
37259931,1523564345,609E,WRONG_ANSWER
37259851,1523563953,609E,WRONG_ANSWER
37259736,1523563439,609E,WRONG_ANSWER
37259627,1523562970,609E,WRONG_ANSWER
37259611,1523562904,609E,WRONG_ANSWER
37256312,1523550934,609C,WRONG_ANSWER
37255943,1523549557,609C,WRONG_ANSWER
37255430,1523548165,609B,OK
37255306,1523547799,609B,WRONG_ANSWER
37255215,1523547530,609A,OK
37229438,1523463112,962D,OK
37227822,1523459380,962A,OK
37227800,1523459329,962C,OK
37227779,1523459285,962B,OK
37227768,1523459259,962D,WRONG_ANSWER
37184201,1523411043,962D,TIME_LIMIT_EXCEEDED
37184180,1523410937,962D,WRONG_ANSWER
37183331,1523406563,962A,OK
37072487,1523122650,960C,OK
37062584,1523118858,960B,OK
37061733,1523118616,960B,WRONG_ANSWER
37058165,1523117774,960A,OK
37020975,1523018411,768C,OK
37020928,1523018276,768C,WRONG_ANSWER
37020594,1523017444,768C,TIME_LIMIT_EXCEEDED
37019863,1523015454,768C,WRONG_ANSWER
37018672,1523011850,768C,WRONG_ANSWER
36987874,1522903791,812A,WRONG_ANSWER
36987825,1522903559,812A,WRONG_ANSWER
36987677,1522902952,812A,WRONG_ANSWER
36976464,1522859692,961D,WRONG_ANSWER
36976385,1522859584,961D,WRONG_ANSWER
36975592,1522858518,961D,WRONG_ANSWER
36974403,1522857755,961D,WRONG_ANSWER
36974168,1522857684,961D,WRONG_ANSWER
36973315,1522857374,961D,WRONG_ANSWER
36972408,1522857013,961D,WRONG_ANSWER
36967137,1522854861,961E,OK
36966808,1522854731,961E,RUNTIME_ERROR
36961276,1522852930,961C,OK
36956580,1522851707,961B,OK
36952468,1522850950,961A,OK
36916820,1522773810,957C,WRONG_ANSWER
36596191,1521911940,957B,OK
36590494,1521909210,957B,WRONG_ANSWER
36583371,1521906862,957A,WRONG_ANSWER
36580695,1521906343,957A,WRONG_ANSWER
36416261,1521477455,446A,OK
36416059,1521476851,446A,WRONG_ANSWER
36415903,1521476434,446A,WRONG_ANSWER
36407438,1521454372,706C,OK
36402926,1521435988,166E,OK
36342950,1521265175,166E,TIME_LIMIT_EXCEEDED
36342130,1521262311,166E,MEMORY_LIMIT_EXCEEDED
36176556,1520709691,948D,OK
36174998,1520703253,948D,RUNTIME_ERROR
36157428,1520696977,948A,OK
36117091,1520600388,950D,OK
36107413,1520589023,950C,OK
36100789,1520585857,950B,OK
36096110,1520584275,950A,OK
36087070,1520571979,476B,WRONG_ANSWER
36038550,1520414811,544C,OK
36038041,1520413413,544C,OK
36033778,1520402089,946D,WRONG_ANSWER
36033755,1520402009,946D,RUNTIME_ERROR
36032991,1520399387,946D,WRONG_ANSWER
36032638,1520397822,946D,WRONG_ANSWER
36022063,1520355898,946D,WRONG_ANSWER
36021623,1520355782,946D,WRONG_ANSWER
36021439,1520355717,946D,COMPILATION_ERROR
36021093,1520355589,946D,WRONG_ANSWER
36020719,1520355447,946D,WRONG_ANSWER
36019488,1520354903,946D,WRONG_ANSWER
36018168,1520354299,946D,WRONG_ANSWER
36017764,1520354142,946D,WRONG_ANSWER
36009736,1520351288,946B,OK
36007426,1520350683,946B,WRONG_ANSWER
36004087,1520349958,946C,OK
35998991,1520349151,946A,OK
35988494,1520332735,675D,WRONG_ANSWER
35983173,1520318809,482B,OK
35983020,1520318228,482B,WRONG_ANSWER
35982841,1520317504,482B,WRONG_ANSWER
35981098,1520310588,501C,OK
35981082,1520310492,501C,WRONG_ANSWER
35980864,1520309084,371D,OK
35980842,1520308955,371D,RUNTIME_ERROR
35943199,1520183758,931D,OK
35932577,1520179118,931B,OK
35928510,1520178110,931A,OK
35781930,1519815855,208E,RUNTIME_ERROR
35781737,1519815343,208E,OK
35781731,1519815329,208E,OK
35781713,1519815280,208E,OK
35781079,1519813389,208E,OK
35750799,1519704046,375D,OK
35750707,1519703641,375D,WRONG_ANSWER
35718564,1519615128,937B,OK
35707573,1519581567,937D,WRONG_ANSWER
35692205,1519576064,937B,WRONG_ANSWER
35686894,1519574871,937A,OK
35685922,1519573335,208E,WRONG_ANSWER
35685124,1519572169,208E,TIME_LIMIT_EXCEEDED
35685109,1519572143,208E,COMPILATION_ERROR
35685046,1519572050,208E,TIME_LIMIT_EXCEEDED
35685006,1519571973,208E,TIME_LIMIT_EXCEEDED
35684375,1519570971,208E,TIME_LIMIT_EXCEEDED
35684167,1519570602,208E,COMPILATION_ERROR
35683257,1519569006,208E,TIME_LIMIT_EXCEEDED
35680677,1519564533,208E,TIME_LIMIT_EXCEEDED
35680049,1519563456,208E,TIME_LIMIT_EXCEEDED
35675598,1519554871,208E,TIME_LIMIT_EXCEEDED
35675511,1519554665,208E,TIME_LIMIT_EXCEEDED
35674867,1519552997,208E,TIME_LIMIT_EXCEEDED
35655283,1519493519,570D,OK
35654996,1519493098,570D,TIME_LIMIT_EXCEEDED
35654936,1519492975,570D,TIME_LIMIT_EXCEEDED
35654906,1519492921,570D,WRONG_ANSWER
35640442,1519471019,940D,OK
35636286,1519469242,940C,OK
35629406,1519467238,940B,OK
35628697,1519467072,940B,TIME_LIMIT_EXCEEDED
35621422,1519465408,940A,OK
35613743,1519440676,600E,OK
35516574,1519118021,560C,OK
35516557,1519117950,560C,WRONG_ANSWER
35514868,1519113510,560C,WRONG_ANSWER
35511777,1519103558,85C,COMPILATION_ERROR
35511604,1519102831,935C,OK
35511591,1519102789,935C,OK
35511582,1519102754,935C,WRONG_ANSWER
35511567,1519102697,935C,OK
35511425,1519102121,935C,WRONG_ANSWER
35511191,1519101224,935C,OK
35511155,1519101043,935C,WRONG_ANSWER
35511100,1519100827,935C,WRONG_ANSWER
35510990,1519100369,935C,WRONG_ANSWER
35510467,1519098301,935C,WRONG_ANSWER
35510400,1519097994,935C,WRONG_ANSWER
35510357,1519097853,935C,WRONG_ANSWER
35510338,1519097790,935C,COMPILATION_ERROR
35510302,1519097596,935C,WRONG_ANSWER
35499943,1519064854,935C,WRONG_ANSWER
35497960,1519064164,935C,WRONG_ANSWER
35483825,1519059231,935B,OK
35478438,1519058362,935A,OK
35425531,1518886875,939C,OK
35425501,1518886829,939C,RUNTIME_ERROR
35425457,1518886749,939C,WRONG_ANSWER
35425422,1518886689,939C,WRONG_ANSWER
35425268,1518886413,939C,WRONG_ANSWER
35425234,1518886366,939C,OK
35420928,1518878705,939C,WRONG_ANSWER
35420768,1518878489,939C,WRONG_ANSWER
35419760,1518877320,939C,WRONG_ANSWER
35419488,1518877033,938D,OK
35414913,1518868928,939C,WRONG_ANSWER
35414724,1518868874,939C,WRONG_ANSWER
35412927,1518868308,939C,WRONG_ANSWER
35411841,1518867929,939C,WRONG_ANSWER
35408339,1518866703,939D,OK
35405058,1518865638,939D,WRONG_ANSWER
35403096,1518865060,939D,WRONG_ANSWER
35396172,1518863285,939B,OK
35394586,1518862963,939B,WRONG_ANSWER
35393328,1518862746,939B,WRONG_ANSWER
35390187,1518862274,939A,OK
35384140,1518850759,938C,OK
35369872,1518801171,938C,RUNTIME_ERROR
35362453,1518798682,938C,WRONG_ANSWER
35358372,1518797323,938C,WRONG_ANSWER
35349419,1518794798,938B,OK
35348279,1518794584,938B,WRONG_ANSWER
35342677,1518793817,938A,OK
35311362,1518710431,932C,OK
35308243,1518708924,932C,CHALLENGED
35308094,1518708852,932C,RUNTIME_ERROR
35300797,1518706354,932B,OK
35295640,1518705434,932A,OK
35245328,1518612408,934A,OK
35237972,1518611175,934B,OK
35236085,1518610904,934A,WRONG_ANSWER
35231359,1518610305,934A,WRONG_ANSWER
35227546,1518602343,84A,OK
35227341,1518601660,456B,OK
35227329,1518601588,456B,OK
35209184,1518543610,630A,OK
35209169,1518543592,630A,OK
35209127,1518543503,630A,OK
35209101,1518543458,630A,OK
35209046,1518543335,630A,OK
35209004,1518543244,630A,COMPILATION_ERROR
35192169,1518505635,869B,OK
35192147,1518505564,869B,WRONG_ANSWER
35191941,1518504896,869A,OK
35191914,1518504837,869A,COMPILATION_ERROR
35191138,1518502555,237C,OK
35191090,1518502407,237C,OK
35191069,1518502315,237C,OK
35190944,1518501929,237C,WRONG_ANSWER
35190920,1518501835,237C,COMPILATION_ERROR
35187842,1518464701,237C,WRONG_ANSWER
35186973,1518460987,237C,WRONG_ANSWER
35186446,1518459534,237C,WRONG_ANSWER
35159068,1518368236,922C,OK
35143533,1518328758,548D,OK
35143241,1518327613,659E,OK
35130504,1518278446,914D,OK
35130449,1518278312,914D,RUNTIME_ERROR
35099264,1518195149,535D,OK
35099204,1518195053,535D,WRONG_ANSWER
35068678,1518113302,706D,OK
35068628,1518113175,706D,OK
35068561,1518113004,706D,RUNTIME_ERROR
35068205,1518112324,706D,RUNTIME_ERROR
35068169,1518112234,706D,RUNTIME_ERROR
35068141,1518112184,706B,WRONG_ANSWER
35067244,1518110298,706D,RUNTIME_ERROR
35067159,1518110133,706D,RUNTIME_ERROR
35067131,1518110061,706D,RUNTIME_ERROR
35028082,1518029059,922D,OK
35024068,1518027686,922C,TIME_LIMIT_EXCEEDED
35016093,1518025604,922A,OK
35011323,1518024675,922B,OK
35008732,1518024266,922A,CHALLENGED
35007771,1518024125,922A,WRONG_ANSWER
34933600,1517804983,5C,WRONG_ANSWER
34903428,1517681540,920C,OK
34903308,1517681383,920C,WRONG_ANSWER
34808971,1517501301,919D,OK
34807789,1517498915,919B,OK
34756777,1517406899,919C,OK
34753881,1517406326,919C,CHALLENGED
34739981,1517404242,919A,OK
34685477,1517243692,918C,WRONG_ANSWER
34685472,1517243691,918C,WRONG_ANSWER
34683467,1517242803,918C,WRONG_ANSWER
34682513,1517242268,918C,WRONG_ANSWER
34682041,1517242006,918C,WRONG_ANSWER
34669401,1517237310,918B,OK
34665974,1517236849,918A,OK
34543589,1516878214,342E,OK
34543395,1516877621,342E,WRONG_ANSWER
34543272,1516877205,342E,WRONG_ANSWER
34542950,1516876243,342E,TIME_LIMIT_EXCEEDED
34372282,1516464875,914B,OK
34366319,1516463540,914B,CHALLENGED
34359482,1516462732,914A,OK
34352783,1516451899,757B,OK
34352678,1516451725,757B,WRONG_ANSWER
34352640,1516451651,757B,WRONG_ANSWER
34352444,1516451253,757B,WRONG_ANSWER
34352286,1516450891,757B,WRONG_ANSWER
34352223,1516450729,757B,WRONG_ANSWER
34350912,1516448366,757B,WRONG_ANSWER
34150730,1515855307,915C,OK
34147712,1515854226,915C,WRONG_ANSWER
34136712,1515850703,915C,WRONG_ANSWER
34133411,1515849872,915B,OK
34129131,1515849000,915A,OK
34081178,1515645701,913C,OK
34081169,1515645618,913C,OK
34080816,1515642899,913A,OK
34080798,1515642759,913B,OK
34080791,1515642707,913A,OK
34057094,1515526742,289C,OK
34057047,1515526574,289C,WRONG_ANSWER
34056882,1515525908,373C,OK
34056668,1515524983,136C,OK
34056439,1515524280,486C,OK
34056425,1515524232,486C,WRONG_ANSWER
34056337,1515523926,486C,WRONG_ANSWER
34056298,1515523822,486C,WRONG_ANSWER
34056287,1515523785,486C,WRONG_ANSWER
34056218,1515523470,486C,WRONG_ANSWER
34054599,1515518216,567C,OK
33938502,1515166430,912B,OK
33937192,1515165889,912B,CHALLENGED
33934339,1515164892,912B,WRONG_ANSWER
33931202,1515164119,912B,CHALLENGED
33930970,1515164072,912B,TIME_LIMIT_EXCEEDED
33926539,1515163402,912A,OK
33915514,1515127695,650A,OK
33895686,1515036769,268C,WRONG_ANSWER
33876843,1514954215,577B,OK
33870052,1514910900,577B,WRONG_ANSWER
33860391,1514883143,650A,OK
33860366,1514882969,650A,OK
33860292,1514882592,650A,OK
33860278,1514882526,650A,TIME_LIMIT_EXCEEDED
33860168,1514882007,650A,TIME_LIMIT_EXCEEDED
33860000,1514881203,650A,OK
33859954,1514880946,650A,OK
33859934,1514880843,650A,WRONG_ANSWER
33858802,1514875063,268A,OK
33858707,1514874434,448A,OK
33858695,1514874379,448A,WRONG_ANSWER
33826767,1514705736,586D,OK
33826760,1514705685,586C,RUNTIME_ERROR
33826577,1514704957,586D,WRONG_ANSWER
33826551,1514704860,586D,WRONG_ANSWER
33826532,1514704781,586D,COMPILATION_ERROR
33826411,1514704247,586D,TIME_LIMIT_EXCEEDED
33826390,1514704163,586D,TIME_LIMIT_EXCEEDED
33826364,1514704022,586D,TIME_LIMIT_EXCEEDED
33826354,1514703972,586D,TIME_LIMIT_EXCEEDED
33826291,1514703704,586D,TIME_LIMIT_EXCEEDED
33826277,1514703651,586D,WRONG_ANSWER
33826069,1514702742,586D,TIME_LIMIT_EXCEEDED
33825905,1514701989,586D,TIME_LIMIT_EXCEEDED
33825882,1514701888,586D,TIME_LIMIT_EXCEEDED
33825816,1514701548,586D,TIME_LIMIT_EXCEEDED
33825798,1514701478,586D,WRONG_ANSWER
33810640,1514641884,460B,OK
33809186,1514637622,460C,OK
33805253,1514625456,606A,OK
33804865,1514624189,606A,WRONG_ANSWER
33803487,1514619383,606A,WRONG_ANSWER
33803005,1514617763,606A,WRONG_ANSWER
33802811,1514617207,606A,WRONG_ANSWER
33793647,1514576104,908C,WRONG_ANSWER
33793513,1514575870,908C,WRONG_ANSWER
33793270,1514575458,908B,OK
33793021,1514575109,908B,WRONG_ANSWER
33792955,1514575036,908C,OK
33782729,1514566067,908C,WRONG_ANSWER
33777464,1514564177,908B,RUNTIME_ERROR
33767757,1514562467,908A,OK
33728073,1514472972,911C,OK
33725919,1514472373,911C,WRONG_ANSWER
33718941,1514470888,911B,OK
33715198,1514470279,911A,OK
33660576,1514347937,299A,OK
33660564,1514347881,299A,COMPILATION_ERROR
33446619,1513750799,902B,OK
33446605,1513750770,902A,OK
33446550,1513750592,902C,OK
33444917,1513744812,902C,WRONG_ANSWER
33304735,1513429180,898E,OK
33304059,1513428912,898E,WRONG_ANSWER
33300671,1513427597,898C,OK
33291939,1513424763,898B,OK
33289141,1513424347,898A,OK
33188722,1513098184,903C,OK
33186465,1513097512,903B,WRONG_ANSWER
33182367,1513096163,903B,OK
33177726,1513094782,903C,WRONG_ANSWER
33167513,1513092604,903C,WRONG_ANSWER
33159984,1513091396,903A,OK
33135384,1513015453,900C,WRONG_ANSWER
33132792,1513014562,900C,WRONG_ANSWER
33132206,1513014337,900C,WRONG_ANSWER
33123010,1513011125,900C,WRONG_ANSWER
33116394,1513009393,900B,OK
33111858,1513008529,900A,OK
32934618,1512419324,348C,OK
32934483,1512418898,348C,WRONG_ANSWER
32865800,1512224915,897B,OK
32864577,1512224534,897B,WRONG_ANSWER
32860773,1512223715,897A,OK
32811703,1512060888,859C,OK
32806383,1512048023,514C,OK
32801887,1512037097,514C,OK
32801861,1512037053,514C,OK
32801816,1512036984,514C,COMPILATION_ERROR
32801788,1512036905,514C,COMPILATION_ERROR
32801723,1512036770,514C,COMPILATION_ERROR
32801686,1512036659,514C,OK
32801671,1512036592,514C,OK
32801418,1512035964,514C,OK
32800481,1512033525,514C,OK
32800457,1512033441,514C,OK
32800430,1512033362,514C,OK
32800411,1512033299,514C,OK
32800240,1512032903,514C,WRONG_ANSWER
32800213,1512032838,514C,WRONG_ANSWER
32800161,1512032705,514C,WRONG_ANSWER
32800036,1512032385,514C,WRONG_ANSWER
32799989,1512032253,514C,WRONG_ANSWER
32799908,1512031972,514C,WRONG_ANSWER
32799831,1512031739,514C,OK
32799802,1512031655,514C,COMPILATION_ERROR
32799368,1512030440,514C,OK
32799179,1512029852,514C,WRONG_ANSWER
32799042,1512029520,514C,WRONG_ANSWER
32794864,1512014593,514C,WRONG_ANSWER
32783776,1511967172,514C,WRONG_ANSWER
32783738,1511967077,514C,WRONG_ANSWER
32783690,1511966953,514C,WRONG_ANSWER
32783078,1511965380,514C,WRONG_ANSWER
32782983,1511965120,514C,WRONG_ANSWER
32782653,1511964265,514C,WRONG_ANSWER
32782597,1511964131,514C,RUNTIME_ERROR
32701605,1511763940,348C,OK
32691981,1511719425,895B,OK
32688762,1511717800,895B,WRONG_ANSWER
32685351,1511715959,895B,WRONG_ANSWER
32683534,1511715635,895B,WRONG_ANSWER
32678071,1511713304,895A,OK
32594760,1511455167,893D,WRONG_ANSWER
32594468,1511455051,893D,WRONG_ANSWER
32592354,1511454212,893D,WRONG_ANSWER
32588546,1511452491,893C,OK
32587266,1511451943,893B,OK
32584827,1511451090,893B,OK
32583447,1511450698,893A,OK
32583241,1511450645,893A,WRONG_ANSWER
32475310,1511106752,894C,WRONG_ANSWER
32471757,1511105206,894C,WRONG_ANSWER
32467133,1511102975,894C,CHALLENGED
32459327,1511099927,894A,OK
32388928,1510930849,892B,OK
32383347,1510929715,892A,OK
32266761,1510509319,890C,OK
32263221,1510507799,890C,WRONG_ANSWER
32253780,1510503717,890B,OK
32253143,1510503600,890B,RUNTIME_ERROR
32248957,1510502990,890A,OK
32080087,1509897621,380C,WRONG_ANSWER
32052295,1509797334,245H,TIME_LIMIT_EXCEEDED
32052274,1509797293,245H,COMPILATION_ERROR
32051911,1509796415,245H,TIME_LIMIT_EXCEEDED
32051570,1509795671,245H,TIME_LIMIT_EXCEEDED
32043365,1509774533,887C,WRONG_ANSWER
32034117,1509734048,887C,WRONG_ANSWER
32033647,1509733707,887C,WRONG_ANSWER
32033157,1509733310,887C,WRONG_ANSWER
32026540,1509729307,887B,OK
32022089,1509727439,887A,OK
32018383,1509726259,887A,WRONG_ANSWER
31808150,1509117978,884D,WRONG_ANSWER
31808062,1509117910,884D,WRONG_ANSWER
31805361,1509116095,884C,OK
31802122,1509114373,884A,OK
31801522,1509114130,884B,OK
31798980,1509113379,884A,WRONG_ANSWER
31775777,1509063830,879C,WRONG_ANSWER
31764506,1509036052,879C,WRONG_ANSWER
31760307,1509034272,879C,WRONG_ANSWER
31753630,1509031810,879B,OK
31741633,1509029517,879A,OK
31720877,1508956710,877E,OK
31666924,1508812721,877D,WRONG_ANSWER
31666805,1508812165,877D,OK
31666764,1508811951,877D,WRONG_ANSWER
31666738,1508811842,877D,WRONG_ANSWER
31666655,1508811526,877D,RUNTIME_ERROR
31666578,1508811145,877D,TIME_LIMIT_EXCEEDED
31666317,1508810023,877C,OK
31666266,1508809714,877A,OK
31666250,1508809656,877A,COMPILATION_ERROR
31659067,1508785105,877D,WRONG_ANSWER
31655692,1508780041,877C,WRONG_ANSWER
31649376,1508777577,877B,OK
31646389,1508776592,877D,WRONG_ANSWER
31644014,1508775867,877D,SKIPPED
31636180,1508774044,877A,WRONG_ANSWER
31561386,1508577755,883M,WRONG_ANSWER
31561168,1508577568,883M,WRONG_ANSWER
31560396,1508576991,883M,WRONG_ANSWER
31559714,1508576417,883M,WRONG_ANSWER
31510643,1508421866,71A,OK
31510542,1508421637,71A,WRONG_ANSWER
31469910,1508306537,876A,OK
31469634,1508305596,876B,OK
31469452,1508305005,876C,OK
31455966,1508258797,876C,WRONG_ANSWER
31366820,1508074281,872B,OK
31356143,1508060148,872C,OK
31353747,1508059193,872C,WRONG_ANSWER
31351533,1508058453,872C,WRONG_ANSWER
31350861,1508058243,872C,WRONG_ANSWER
31343502,1508056425,872B,WRONG_ANSWER
31334892,1508055100,872A,OK
31254134,1507824376,873C,WRONG_ANSWER
31252192,1507822692,873B,OK
31251837,1507822393,873B,RUNTIME_ERROR
31244012,1507817578,873A,OK
31180349,1507606039,7D,WRONG_ANSWER
31175185,1507574031,7D,WRONG_ANSWER
31082020,1507301989,869A,WRONG_ANSWER
31081714,1507301764,869A,WRONG_ANSWER
31077391,1507299316,869B,WRONG_ANSWER
31068032,1507297261,869A,CHALLENGED
31039476,1507218085,868B,OK
31038989,1507217107,868B,OK
31038947,1507217021,868B,WRONG_ANSWER
31026590,1507195643,868C,WRONG_ANSWER
31025732,1507194953,868C,WRONG_ANSWER
31024745,1507194211,868C,WRONG_ANSWER
31022585,1507192714,868C,WRONG_ANSWER
31020801,1507191563,868B,WRONG_ANSWER
31018875,1507190469,868B,WRONG_ANSWER
31017516,1507189804,868B,WRONG_ANSWER
31016686,1507189435,868B,WRONG_ANSWER
31013598,1507188164,868A,OK
31005279,1507166714,127D,OK
30994979,1507128578,432D,OK
30994401,1507127056,126B,OK
30994379,1507126986,126B,COMPILATION_ERROR
30994272,1507126719,126B,WRONG_ANSWER
30972803,1507047478,245H,OK
30972792,1507047438,245H,TIME_LIMIT_EXCEEDED
30972781,1507047398,245H,OK
30972768,1507047360,245H,TIME_LIMIT_EXCEEDED
30972752,1507047330,245H,TIME_LIMIT_EXCEEDED
30972739,1507047279,245H,OK
30972684,1507047149,245H,TIME_LIMIT_EXCEEDED
30881198,1506797301,867B,OK
30880984,1506797074,867B,WRONG_ANSWER
30875925,1506792308,867A,OK
30737203,1506386292,864E,OK
30737138,1506385636,864E,WRONG_ANSWER
30729575,1506351079,864D,OK
30729153,1506350384,864D,WRONG_ANSWER
30726796,1506347023,864C,OK
30726398,1506346592,864C,WRONG_ANSWER
30722252,1506342667,864C,WRONG_ANSWER
30721592,1506342441,864C,WRONG_ANSWER
30718662,1506341262,864C,WRONG_ANSWER
30708591,1506337568,864B,OK
30703626,1506336389,864A,OK
30685738,1506272218,855C,WRONG_ANSWER
30685352,1506271929,855C,WRONG_ANSWER
30681384,1506268841,855B,WRONG_ANSWER
30679114,1506267427,855B,WRONG_ANSWER
30678211,1506266930,855B,WRONG_ANSWER
30675143,1506265462,855B,WRONG_ANSWER
30673268,1506264838,855B,WRONG_ANSWER
30670769,1506264145,855A,OK
30513152,1505836719,862B,OK
30505891,1505834374,862A,OK
30473282,1505747275,847I,OK
30469883,1505744060,847A,OK
30466156,1505740945,847M,OK
30465367,1505740471,847G,OK
30442324,1505660172,861B,WRONG_ANSWER
30441719,1505659833,861C,OK
30437763,1505657803,861C,WRONG_ANSWER
30432070,1505656174,861C,WRONG_ANSWER
30430320,1505655737,861C,WRONG_ANSWER
30422556,1505653868,861A,OK
30403549,1505592044,859B,OK
30403348,1505591872,859B,WRONG_ANSWER
30395327,1505585575,859B,CHALLENGED
30395019,1505585390,859B,WRONG_ANSWER
30390554,1505583654,859A,OK
30387566,1505577728,586C,OK
30387535,1505577643,586C,WRONG_ANSWER
30386550,1505574992,586C,WRONG_ANSWER
30385993,1505573586,586C,WRONG_ANSWER
30384064,1505568118,586C,WRONG_ANSWER
30367371,1505492656,583C,OK
30367031,1505491429,583D,OK
30366707,1505490351,583D,OK
30362226,1505476690,583C,WRONG_ANSWER
30361957,1505475835,581D,OK
30360412,1505469024,581D,WRONG_ANSWER
30320950,1505368671,159D,OK
30307300,1505307071,61E,OK
30306953,1505306146,61E,OK
30306798,1505305795,61E,WRONG_ANSWER
30288008,1505224508,448D,OK
30287903,1505224115,448D,COMPILATION_ERROR
30287050,1505221653,448D,WRONG_ANSWER
30286494,1505220371,448D,WRONG_ANSWER
30282724,1505209329,854D,OK
30282703,1505209249,854D,WRONG_ANSWER
30249641,1505056850,856A,TIME_LIMIT_EXCEEDED
30248519,1505054874,856A,WRONG_ANSWER
30247755,1505053459,856A,TIME_LIMIT_EXCEEDED
30232250,1504982597,854E,OK
30231543,1504979815,854E,WRONG_ANSWER
30230884,1504977383,854E,OK
30179920,1504784735,854E,OK
30179785,1504784368,854E,TIME_LIMIT_EXCEEDED
30177518,1504776529,854E,RUNTIME_ERROR
30177494,1504776480,854E,TIME_LIMIT_EXCEEDED
30176870,1504774964,854E,TIME_LIMIT_EXCEEDED
30176741,1504774659,854E,WRONG_ANSWER
30162155,1504719105,854E,TIME_LIMIT_EXCEEDED
30162060,1504718908,854E,TIME_LIMIT_EXCEEDED
30161627,1504718127,854E,TIME_LIMIT_EXCEEDED
30161592,1504718053,854E,TIME_LIMIT_EXCEEDED
30158694,1504713651,854E,WRONG_ANSWER
30157658,1504712566,854E,WRONG_ANSWER
30157341,1504712336,854E,WRONG_ANSWER
30156442,1504709661,854E,WRONG_ANSWER
30144856,1504705073,854C,OK
30137408,1504703492,854B,OK
30136034,1504703273,854B,WRONG_ANSWER
30133459,1504702890,854A,OK
30105659,1504625198,846A,WRONG_ANSWER
30077894,1504543516,851D,TIME_LIMIT_EXCEEDED
30077615,1504543384,851D,RUNTIME_ERROR
30068300,1504539198,851B,OK
30066648,1504538617,851B,WRONG_ANSWER
30065536,1504538274,851B,WRONG_ANSWER
30063741,1504537763,851B,WRONG_ANSWER
30058056,1504536358,851A,OK
30036231,1504446144,852G,WRONG_ANSWER
30036188,1504446053,852G,WRONG_ANSWER
30035153,1504443953,852G,RUNTIME_ERROR
29990038,1504279801,849C,OK
29989834,1504279701,849C,WRONG_ANSWER
29989463,1504279522,849C,WRONG_ANSWER
29987017,1504278201,849B,WRONG_ANSWER
29975015,1504273153,849A,OK
29934930,1504154682,842C,WRONG_ANSWER
29934742,1504153871,842B,OK
29934705,1504153683,842B,WRONG_ANSWER
29934654,1504153324,842B,COMPILATION_ERROR
29934635,1504153208,842B,WRONG_ANSWER
29934620,1504153129,842B,OK
29934591,1504152983,842B,WRONG_ANSWER
29934557,1504152759,842B,WRONG_ANSWER
29934545,1504152686,842B,WRONG_ANSWER
29934539,1504152639,842B,WRONG_ANSWER
29934467,1504152242,842A,OK
29934454,1504152157,842A,WRONG_ANSWER
29934434,1504152018,842A,WRONG_ANSWER
29891754,1504024283,842B,WRONG_ANSWER
29891352,1504024142,842B,WRONG_ANSWER
29875202,1504020078,842A,WRONG_ANSWER
29872679,1504019706,842A,WRONG_ANSWER
29835371,1503870757,433B,OK
29835362,1503870682,433B,WRONG_ANSWER
29821035,1503819145,845A,OK
29821017,1503819103,845A,WRONG_ANSWER
29820981,1503818914,845C,OK
29751123,1503597298,844C,OK
29747727,1503595883,844B,OK
29742654,1503594195,844B,WRONG_ANSWER
29736984,1503592796,844A,OK
29652466,1503329707,845A,WRONG_ANSWER
29651423,1503329368,845A,WRONG_ANSWER
29650906,1503329203,845A,WRONG_ANSWER
29599453,1503149250,841A,OK
29572474,1503072149,841C,OK
29564759,1503070102,841B,OK
29559421,1503069232,841A,OK
29452328,1502697924,785C,WRONG_ANSWER
29452258,1502697795,785C,WRONG_ANSWER
29448886,1502688723,734E,OK
29447667,1502683074,734E,WRONG_ANSWER
29446558,1502677572,342E,OK
29410464,1502555674,839B,WRONG_ANSWER
29399588,1502552461,839C,OK
29396271,1502551643,839C,WRONG_ANSWER
29392205,1502550797,839C,WRONG_ANSWER
29390865,1502550544,839A,OK
29390481,1502550471,839A,WRONG_ANSWER
29387356,1502549879,839C,WRONG_ANSWER
29160443,1501773866,837A,OK
29078340,1501525149,835C,OK
29076012,1501518888,835C,TIME_LIMIT_EXCEEDED
29075528,1501518775,835C,WRONG_ANSWER
29061254,1501513511,835A,OK
29058879,1501512972,835B,OK
29023382,1501438934,834C,OK
29023243,1501438805,834C,WRONG_ANSWER
29003547,1501427853,834A,OK
28998213,1501426729,834B,OK
28935493,1501177090,581C,OK
28935105,1501175630,581C,WRONG_ANSWER
28935023,1501175327,581C,WRONG_ANSWER
28934402,1501172948,581B,OK
28934211,1501172233,581B,WRONG_ANSWER
28934169,1501172101,581B,WRONG_ANSWER
28934150,1501172016,581B,COMPILATION_ERROR
28900774,1501063414,4A,OK
28900706,1501063191,4A,WRONG_ANSWER
28866544,1500961593,832D,WRONG_ANSWER
28865944,1500959479,832D,WRONG_ANSWER
28865736,1500958708,832D,WRONG_ANSWER
28842520,1500910710,832B,OK
28841043,1500910260,832B,WRONG_ANSWER
28839122,1500909693,832B,WRONG_ANSWER
28828311,1500907146,832A,OK
28768147,1500693075,825C,WRONG_ANSWER
28768110,1500692956,825C,WRONG_ANSWER
28768052,1500692767,825A,OK
28767970,1500692511,825A,WRONG_ANSWER
28767880,1500692215,825C,WRONG_ANSWER
28767864,1500692143,825C,WRONG_ANSWER
28767569,1500691191,825D,WRONG_ANSWER
28766945,1500689071,825C,WRONG_ANSWER
28766909,1500688966,825C,WRONG_ANSWER
28766736,1500688409,825B,OK
28766674,1500688243,825B,WRONG_ANSWER
28766599,1500688002,825B,WRONG_ANSWER
28766215,1500686670,825A,WRONG_ANSWER
28514575,1499960666,831B,OK
28510298,1499959434,831A,WRONG_ANSWER
28507325,1499958876,831A,WRONG_ANSWER
28461707,1499835848,828D,OK
28461264,1499834694,828D,WRONG_ANSWER
28461244,1499834650,828D,COMPILATION_ERROR
28460463,1499832400,828C,OK
28460208,1499831608,828C,WRONG_ANSWER
28460164,1499831487,828C,WRONG_ANSWER
28460131,1499831352,828C,TIME_LIMIT_EXCEEDED
28460111,1499831283,828C,WRONG_ANSWER
28460101,1499831257,828C,COMPILATION_ERROR
28460011,1499830938,828C,TIME_LIMIT_EXCEEDED
28459431,1499829188,828C,WRONG_ANSWER
28458902,1499827818,828C,WRONG_ANSWER
28454008,1499806897,828C,WRONG_ANSWER
28453640,1499805953,828C,WRONG_ANSWER
28452935,1499804817,828B,OK
28452464,1499804258,828B,WRONG_ANSWER
28452428,1499804213,828B,COMPILATION_ERROR
28451757,1499803624,827A,WRONG_ANSWER
28450765,1499798667,828A,OK
28436489,1499793021,828B,WRONG_ANSWER
28433685,1499792243,828A,CHALLENGED
28419485,1499746914,61E,TIME_LIMIT_EXCEEDED
28414566,1499715744,339D,OK
28294150,1499230256,525B,OK
28233753,1499022092,822C,OK
28229724,1499017348,822C,COMPILATION_ERROR
28228955,1499016992,822C,WRONG_ANSWER
28220225,1499013079,822B,OK
28219962,1499012973,822B,WRONG_ANSWER
28215498,1499011821,822A,OK
28147765,1498751890,818B,WRONG_ANSWER
28147634,1498751813,818B,WRONG_ANSWER
28147563,1498751775,818B,WRONG_ANSWER
28143648,1498749507,818A,OK
28091242,1498578334,820B,OK
28090295,1498577923,820B,WRONG_ANSWER
28082768,1498575384,820A,OK
28049285,1498454447,821C,OK
28049126,1498453745,821C,WRONG_ANSWER
28039415,1498409007,821C,WRONG_ANSWER
28034768,1498406415,821C,WRONG_ANSWER
28033862,1498405966,821C,WRONG_ANSWER
28031728,1498405006,821C,WRONG_ANSWER
28029453,1498404068,821B,OK
28025628,1498402522,821A,OK
28020215,1498386436,816B,OK
28019657,1498384356,816C,OK
28019286,1498383053,816C,WRONG_ANSWER
28019243,1498382888,816C,WRONG_ANSWER
28018694,1498380735,816A,OK
28003835,1498302402,817D,OK
27823187,1497611001,817B,OK
27803940,1497544019,817C,OK
27800810,1497541661,817A,OK
27769365,1497424614,712C,OK
27663157,1496897434,814C,OK
27663091,1496897031,814C,OK
27662848,1496895824,814C,OK
27657808,1496864364,814B,OK
27657754,1496864156,814B,WRONG_ANSWER
27657730,1496864035,814B,WRONG_ANSWER
27653767,1496852003,814A,OK
27653733,1496851942,814A,COMPILATION_ERROR
27653539,1496851535,814A,WRONG_ANSWER
27653375,1496851193,814A,WRONG_ANSWER
27653253,1496850912,814A,WRONG_ANSWER
27653153,1496850640,814A,WRONG_ANSWER
27649485,1496844806,814B,WRONG_ANSWER
27648516,1496844323,814B,WRONG_ANSWER
27645294,1496842441,814B,WRONG_ANSWER
27644608,1496842083,814B,WRONG_ANSWER
27634302,1496838429,814A,WRONG_ANSWER
27623868,1496800943,813C,OK
27623845,1496800651,813C,RUNTIME_ERROR
27598177,1496686212,813B,OK
27598133,1496686121,813B,WRONG_ANSWER
27593433,1496679667,813B,WRONG_ANSWER
27593281,1496679561,813B,WRONG_ANSWER
27592465,1496679012,813B,WRONG_ANSWER
27591798,1496678600,813B,WRONG_ANSWER
27591340,1496678313,813B,WRONG_ANSWER
27590356,1496677743,813B,WRONG_ANSWER
27586473,1496675819,813A,OK
27424217,1496040071,455D,OK
27424021,1496039154,455D,WRONG_ANSWER
27381506,1495881573,811B,OK
27373288,1495878309,811A,OK
27371015,1495877478,455D,RUNTIME_ERROR
27370553,1495875933,455D,WRONG_ANSWER
27369824,1495873424,455D,WRONG_ANSWER
27369803,1495873347,455D,WRONG_ANSWER
27349576,1495779335,220B,OK
27349561,1495779268,221D,OK
27307326,1495566195,13E,OK
27307261,1495565906,13E,OK
27307237,1495565823,13E,TIME_LIMIT_EXCEEDED
27306941,1495564359,13E,WRONG_ANSWER
27306805,1495563689,13E,WRONG_ANSWER
27296800,1495527583,810C,OK
27296306,1495525518,810C,WRONG_ANSWER
27296185,1495524982,810C,WRONG_ANSWER
27296090,1495524577,810C,WRONG_ANSWER
27266927,1495369778,221D,OK
27266881,1495369615,221D,OK
27266704,1495369179,221D,WRONG_ANSWER
27266642,1495368997,221D,WRONG_ANSWER
27266308,1495367945,221D,WRONG_ANSWER
27266271,1495367820,221D,RUNTIME_ERROR
27265773,1495366164,221D,WRONG_ANSWER
27265761,1495366122,221D,WRONG_ANSWER
27265586,1495365582,221D,WRONG_ANSWER
27265388,1495364829,221D,WRONG_ANSWER
27264681,1495362537,221D,TIME_LIMIT_EXCEEDED
27264637,1495362354,221D,RUNTIME_ERROR
27264622,1495362311,221D,RUNTIME_ERROR
27264570,1495362120,221D,WRONG_ANSWER
27264440,1495361726,221D,WRONG_ANSWER
27243346,1495305307,810B,OK
27240507,1495304307,810A,OK
27238142,1495300818,86D,TIME_LIMIT_EXCEEDED
27238095,1495300550,86D,TIME_LIMIT_EXCEEDED
27237849,1495299386,86D,OK
27237835,1495299327,86D,OK
27237761,1495299035,86D,TIME_LIMIT_EXCEEDED
27237715,1495298814,86D,TIME_LIMIT_EXCEEDED
27237683,1495298648,86D,TIME_LIMIT_EXCEEDED
27237639,1495298362,86D,TIME_LIMIT_EXCEEDED
27237625,1495298315,86D,TIME_LIMIT_EXCEEDED
27237594,1495298196,86D,RUNTIME_ERROR
27237549,1495297918,86D,WRONG_ANSWER
27209383,1495177984,415D,OK
27209371,1495177918,415D,WRONG_ANSWER
27199237,1495119664,545D,OK
27199164,1495119374,545D,WRONG_ANSWER
27189770,1495080330,699C,OK
27187768,1495062554,699B,OK
27187755,1495062433,699B,WRONG_ANSWER
27187705,1495061885,699B,WRONG_ANSWER
27187635,1495061264,699B,WRONG_ANSWER
27187614,1495061048,699B,WRONG_ANSWER
27140764,1494869238,808D,OK
27139469,1494868309,808D,WRONG_ANSWER
27138511,1494867617,808D,WRONG_ANSWER
27136734,1494866529,808D,WRONG_ANSWER
27135205,1494865650,808D,WRONG_ANSWER
27134793,1494865426,808D,WRONG_ANSWER
27134489,1494865265,808D,WRONG_ANSWER
27131564,1494863849,808C,OK
27128388,1494862605,808B,OK
27126983,1494861990,808A,OK
27077428,1494669990,794C,WRONG_ANSWER
27073927,1494668627,794A,OK
27046979,1494565353,560D,OK
27023785,1494519575,799B,OK
27018747,1494517843,799A,OK
26973505,1494332603,208D,OK
26973492,1494332555,208D,COMPILATION_ERROR
26973475,1494332489,208D,WRONG_ANSWER
26949902,1494215851,807C,OK
26949872,1494215602,807C,WRONG_ANSWER
26949733,1494214877,807C,WRONG_ANSWER
26944035,1494182579,807C,WRONG_ANSWER
26943507,1494182291,807C,WRONG_ANSWER
26942754,1494181788,807C,WRONG_ANSWER
26942433,1494181564,807C,WRONG_ANSWER
26942328,1494181479,807C,WRONG_ANSWER
26941090,1494180517,807C,WRONG_ANSWER
26940124,1494179760,807B,OK
26939840,1494179551,807B,WRONG_ANSWER
26936586,1494177291,807C,WRONG_ANSWER
26927611,1494172426,807A,OK
26924373,1494163731,474D,OK
26921276,1494153301,474D,WRONG_ANSWER
26899942,1494070185,259C,OK
26899671,1494069327,519C,OK
26899432,1494068596,478C,OK
26899403,1494068510,478C,WRONG_ANSWER
26898002,1494064243,100676A,OK
26870071,1493947591,805D,OK
26869524,1493944544,805D,WRONG_ANSWER
26869472,1493944069,805D,WRONG_ANSWER
26859909,1493915273,805D,WRONG_ANSWER
26854693,1493913126,805C,OK
26854389,1493913011,805C,SKIPPED
26849396,1493911493,805A,OK
26847363,1493911061,805B,OK
26846724,1493910944,805B,WRONG_ANSWER
26845812,1493910757,805A,WRONG_ANSWER
26840851,1493910003,805A,CHALLENGED
26835293,1493903662,439C,OK
26834426,1493901417,439C,WRONG_ANSWER
26834222,1493900916,439C,WRONG_ANSWER
26822106,1493828923,151C,OK
26821836,1493827815,151C,WRONG_ANSWER
26821823,1493827757,151C,OK
26821809,1493827694,151C,WRONG_ANSWER
26821645,1493826915,151C,WRONG_ANSWER
26821129,1493824444,151C,WRONG_ANSWER
26816549,1493806023,151C,WRONG_ANSWER
26814022,1493794629,151C,WRONG_ANSWER
26813746,1493793071,151C,WRONG_ANSWER
26812286,1493783953,151C,WRONG_ANSWER
26812182,1493783241,151C,WRONG_ANSWER
26811771,1493780256,151B,OK
26811574,1493778713,151A,OK
26806220,1493743717,577C,OK
26806210,1493743660,576A,OK
26806153,1493743404,576A,WRONG_ANSWER
26795581,1493696436,550C,OK
26795236,1493694434,550C,TIME_LIMIT_EXCEEDED
26771549,1493569669,552B,OK
26769448,1493561876,545C,OK
26762375,1493535496,489C,OK
26762360,1493535428,276C,WRONG_ANSWER
26762320,1493535271,489C,WRONG_ANSWER
26761737,1493532650,489C,WRONG_ANSWER
26761720,1493532565,489C,WRONG_ANSWER
26760230,1493526764,279C,OK
26760175,1493526419,279C,WRONG_ANSWER
26760168,1493526373,279C,WRONG_ANSWER
26747980,1493470580,552B,WRONG_ANSWER
26729059,1493397033,803A,OK
26728693,1493396700,803A,WRONG_ANSWER
26726750,1493395210,803B,OK
26724355,1493393647,803A,WRONG_ANSWER
26700342,1493290827,778A,OK
26680248,1493205568,140A,OK
26679845,1493204209,140A,WRONG_ANSWER
26679576,1493202836,140A,WRONG_ANSWER
26679405,1493202038,140A,WRONG_ANSWER
26679239,1493201034,140A,WRONG_ANSWER
26632674,1493006280,793B,OK
26615111,1492968113,793B,WRONG_ANSWER
26612035,1492966721,793A,OK
26611399,1492966470,793A,WRONG_ANSWER
26567520,1492803308,798B,OK
26555341,1492788895,798B,WRONG_ANSWER
26543474,1492785974,798A,OK
26535289,1492770581,38A,OK
26535272,1492770527,515C,OK
26535256,1492770461,538B,OK
26535212,1492770284,304A,OK
26535186,1492770186,109A,OK
26535166,1492770112,271B,OK
26423876,1492358773,801A,OK
26423433,1492358596,801B,OK
26422443,1492358269,801A,WRONG_ANSWER
26419402,1492357642,801A,WRONG_ANSWER
26354011,1492165028,110C,OK
26281991,1491849277,796C,WRONG_ANSWER
26281763,1491849212,796C,WRONG_ANSWER
26281214,1491849021,796C,WRONG_ANSWER
26280988,1491848924,796C,WRONG_ANSWER
26276733,1491847099,796C,WRONG_ANSWER
26264954,1491843541,796B,OK
26263678,1491843278,796B,TIME_LIMIT_EXCEEDED
26259481,1491842544,796A,OK
26155391,1491413625,795K,OK
26155217,1491413525,795K,WRONG_ANSWER
26150540,1491409641,795B,WRONG_ANSWER
26148081,1491407880,795C,OK
26147912,1491407758,795C,WRONG_ANSWER
26027469,1490978912,784A,WRONG_ANSWER
26026268,1490978683,784A,WRONG_ANSWER
26024571,1490978356,784A,WRONG_ANSWER
26024129,1490978279,784A,WRONG_ANSWER
26023500,1490978176,784A,WRONG_ANSWER
26012878,1490976544,784A,WRONG_ANSWER
26012705,1490976515,784A,COMPILATION_ERROR
26010882,1490976264,784A,WRONG_ANSWER
26010633,1490976229,784A,WRONG_ANSWER
26010284,1490976180,784A,WRONG_ANSWER
26005969,1490975544,784E,WRONG_ANSWER
26005071,1490975413,784E,WRONG_ANSWER
26003804,1490975206,784E,WRONG_ANSWER
25996453,1490974040,784A,WRONG_ANSWER
25991660,1490973376,784A,WRONG_ANSWER
25991055,1490973297,784A,WRONG_ANSWER
25987626,1490972904,784A,WRONG_ANSWER
25985497,1490972716,784A,WRONG_ANSWER
25984816,1490972656,784A,WRONG_ANSWER
25982811,1490972511,784A,WRONG_ANSWER
25981339,1490970914,6C,OK
25981278,1490970769,6C,WRONG_ANSWER
25927297,1490810373,789B,WRONG_ANSWER
25925662,1490809965,789B,WRONG_ANSWER
25924169,1490809548,789B,TIME_LIMIT_EXCEEDED
25923211,1490809283,789B,TIME_LIMIT_EXCEEDED
25920434,1490808532,789B,TIME_LIMIT_EXCEEDED
25919075,1490808181,789B,TIME_LIMIT_EXCEEDED
25901118,1490803990,789A,OK
25816125,1490523419,514C,WRONG_ANSWER
25815897,1490522614,514C,WRONG_ANSWER
25629617,1489870566,791C,OK
25629561,1489870334,791C,WRONG_ANSWER
25627561,1489864839,791B,OK
25627517,1489864755,791B,COMPILATION_ERROR
25623185,1489857852,791C,WRONG_ANSWER
25619255,1489855825,791B,OK
25618108,1489855295,791B,SKIPPED
25617934,1489855222,791B,COMPILATION_ERROR
25605984,1489851543,791A,OK
25580016,1489772947,80A,OK
25577763,1489767432,230B,OK
25525419,1489597242,785C,WRONG_ANSWER
25511320,1489592161,785B,OK
25504968,1489590773,785A,OK
25270759,1488737609,782C,OK
25268082,1488731713,782C,WRONG_ANSWER
25264506,1488726182,782C,WRONG_ANSWER
25257101,1488722827,782C,WRONG_ANSWER
25256085,1488722343,782C,WRONG_ANSWER
25247879,1488719506,782A,OK
25115375,1488346751,492B,OK
25114943,1488344748,492B,WRONG_ANSWER
25107315,1488304951,779D,OK
25040186,1488099058,779C,OK
25035987,1488097774,779B,OK
25033341,1488097100,779A,OK
25028959,1488088616,777B,OK
24975134,1487936354,777A,OK
24975017,1487936306,777A,COMPILATION_ERROR
24973393,1487935553,777A,WRONG_ANSWER
24962103,1487931329,777A,WRONG_ANSWER
24940923,1487868620,776C,WRONG_ANSWER
24940222,1487868329,776C,WRONG_ANSWER
24939261,1487867962,776C,WRONG_ANSWER
24938253,1487867574,776C,WRONG_ANSWER
24936666,1487866840,776C,WRONG_ANSWER
24928246,1487863312,776B,OK
24926742,1487862950,776B,WRONG_ANSWER
24920032,1487861671,776A,OK
24919130,1487861528,776A,WRONG_ANSWER
24848306,1487614254,768B,OK
24832944,1487608207,768A,OK
24830000,1487607388,768A,WRONG_ANSWER
24779612,1487424408,767C,WRONG_ANSWER
24778785,1487422782,767B,WRONG_ANSWER
24777714,1487420940,767A,OK
24777058,1487419953,767A,WRONG_ANSWER
24740826,1487346820,61E,OK
24662447,1487066222,765C,OK
24661747,1487065748,765C,WRONG_ANSWER
24653808,1487061800,765C,WRONG_ANSWER
24651396,1487061088,765B,OK
24649747,1487060706,765B,WRONG_ANSWER
24647028,1487060168,765A,OK
24646137,1487060024,765A,WRONG_ANSWER
24520653,1486539513,519C,WRONG_ANSWER
24519677,1486536213,573A,OK
24519634,1486536087,574C,OK
24496966,1486487806,766B,OK
24493724,1486487331,766A,OK
24373595,1486044055,764B,OK
24366557,1486042785,764A,OK
24309542,1485876647,761A,OK
24302702,1485875046,761B,OK
24293880,1485873573,761A,CHALLENGED
24098215,1485284038,760B,OK
24098206,1485283995,760B,COMPILATION_ERROR
24097452,1485281593,760B,WRONG_ANSWER
24097420,1485281508,760B,WRONG_ANSWER
24046194,1485112757,760B,WRONG_ANSWER
24041946,1485110868,760B,TIME_LIMIT_EXCEEDED
24039385,1485109949,760B,WRONG_ANSWER
24037069,1485109427,760A,OK
24035027,1485106152,1B,OK
24034819,1485105303,1B,WRONG_ANSWER
23969082,1484850062,758C,WRONG_ANSWER
23967606,1484845456,758C,WRONG_ANSWER
23967073,1484845330,758C,WRONG_ANSWER
23966552,1484845182,758C,WRONG_ANSWER
23957524,1484841123,758B,TIME_LIMIT_EXCEEDED
23950242,1484838702,758A,OK
23864358,1484506592,755C,WRONG_ANSWER
23863615,1484506183,755C,WRONG_ANSWER
23859437,1484503670,755C,WRONG_ANSWER
23857568,1484502808,755B,OK
23855581,1484502090,755B,WRONG_ANSWER
23851191,1484500955,755B,WRONG_ANSWER
23848150,1484500257,755A,OK
23811545,1484415056,230B,OK
23811437,1484414679,230B,WRONG_ANSWER
23811424,1484414646,230B,WRONG_ANSWER
23811331,1484414337,230B,WRONG_ANSWER
23811312,1484414297,230B,WRONG_ANSWER
23811258,1484414110,230B,WRONG_ANSWER
23811216,1484413972,230B,WRONG_ANSWER
23811124,1484413748,230B,WRONG_ANSWER
23767940,1484245869,757B,OK
23767783,1484245775,757B,WRONG_ANSWER
23766465,1484244932,757B,WRONG_ANSWER
23765882,1484244490,757B,CHALLENGED
23765050,1484243899,757B,WRONG_ANSWER
23764681,1484243666,757B,WRONG_ANSWER
23764187,1484243320,757B,WRONG_ANSWER
23763715,1484243025,757B,WRONG_ANSWER
23762618,1484242337,757B,WRONG_ANSWER
23762414,1484242222,757B,WRONG_ANSWER
23761610,1484241770,757B,WRONG_ANSWER
23750556,1484237540,757B,CHALLENGED
23743135,1484236030,757A,OK
23452297,1483116066,750C,WRONG_ANSWER
23449830,1483114938,750C,WRONG_ANSWER
23449637,1483114863,750C,WRONG_ANSWER
23447408,1483113812,750C,WRONG_ANSWER
23446891,1483113606,750C,WRONG_ANSWER
23446030,1483113233,750C,WRONG_ANSWER
23435264,1483109557,750B,OK
23434049,1483109258,750B,WRONG_ANSWER
23424053,1483107672,750A,OK
23375765,1482922247,21B,OK
23375710,1482922028,21B,WRONG_ANSWER
23375652,1482921803,21B,WRONG_ANSWER
23375607,1482921612,21B,WRONG_ANSWER
23375283,1482920356,21B,WRONG_ANSWER
23375195,1482920089,21B,WRONG_ANSWER
23375064,1482919694,21B,WRONG_ANSWER
23307213,1482666796,752B,OK
23307083,1482666676,752B,WRONG_ANSWER
23306848,1482666442,752B,WRONG_ANSWER
23306475,1482666128,752B,WRONG_ANSWER
23306154,1482665863,752B,WRONG_ANSWER
23305938,1482665724,752B,WRONG_ANSWER
23305473,1482665440,752A,OK
23301670,1482662589,752C,OK
23293987,1482658866,752B,WRONG_ANSWER
23290352,1482657680,752A,WRONG_ANSWER
23162023,1482173594,749C,WRONG_ANSWER
23155556,1482169478,749C,WRONG_ANSWER
23149476,1482166778,749B,OK
23146171,1482165785,749A,OK
23145734,1482165703,749A,WRONG_ANSWER
23128054,1482121506,747A,OK
23127232,1482119923,747D,WRONG_ANSWER
23122337,1482115258,747C,OK
23120990,1482114435,747B,OK
23118664,1482113446,747A,WRONG_ANSWER
23101272,1482065006,746C,WRONG_ANSWER
23100733,1482064715,746C,WRONG_ANSWER
23087505,1482058583,746B,OK
23083708,1482057612,746A,OK
23077142,1482037423,745C,WRONG_ANSWER
23076884,1482035749,745C,WRONG_ANSWER
23076851,1482035560,745C,WRONG_ANSWER
23075814,1482028629,745C,WRONG_ANSWER
23075761,1482028176,745C,WRONG_ANSWER
23075712,1482027742,745C,WRONG_ANSWER
23068653,1481998707,745C,WRONG_ANSWER
23067620,1481998163,745B,WRONG_ANSWER
23065974,1481997342,745C,WRONG_ANSWER
23065038,1481996911,745B,WRONG_ANSWER
23064377,1481996600,745C,WRONG_ANSWER
23058544,1481994372,745B,CHALLENGED
23054581,1481993117,745A,OK
22961311,1481728389,743B,OK
22951354,1481726410,743A,OK
22882466,1481467631,161D,OK
22882006,1481466398,161D,OK
22764404,1481045564,742D,OK
22764043,1481045255,742D,TIME_LIMIT_EXCEEDED
22760867,1481041928,742D,WRONG_ANSWER
22759586,1481041553,742D,WRONG_ANSWER
22758403,1481041172,742D,WRONG_ANSWER
22757179,1481040758,742D,WRONG_ANSWER
22741687,1481036505,742B,OK
22737074,1481035600,742A,OK
22733836,1481035168,742A,TIME_LIMIT_EXCEEDED
22717381,1480962114,740B,OK
22660124,1480691781,515C,OK
22656917,1480680720,489C,OK
22656154,1480676819,489C,WRONG_ANSWER
22656107,1480676656,489C,WRONG_ANSWER
22563871,1480305656,735D,OK
22550353,1480269684,735C,WRONG_ANSWER
22547765,1480268800,735D,OK
22546106,1480268299,735D,CHALLENGED
22540915,1480266879,735B,OK
22532918,1480265179,735A,OK
22470922,1480003116,6C,TIME_LIMIT_EXCEEDED
22470656,1480002418,6C,TIME_LIMIT_EXCEEDED
22470553,1480002138,6C,TIME_LIMIT_EXCEEDED
22470506,1480002022,6C,WRONG_ANSWER
22469959,1480000446,6A,OK
22469911,1480000336,6A,COMPILATION_ERROR
22450286,1479928480,740D,TIME_LIMIT_EXCEEDED
22450081,1479928301,740D,TIME_LIMIT_EXCEEDED
22443618,1479923374,740B,OK
22436722,1479920853,740A,OK
22431391,1479919760,740A,CHALLENGED
22422191,1479901700,431C,OK
22401370,1479812721,734B,OK
22396010,1479785443,738B,OK
22395996,1479785293,738B,WRONG_ANSWER
22387884,1479744980,738B,OK
22386555,1479740511,738B,WRONG_ANSWER
22386544,1479740481,738C,WRONG_ANSWER
22385022,1479737373,738A,OK
22384959,1479737212,738A,WRONG_ANSWER
22384808,1479736732,738A,WRONG_ANSWER
22281986,1479365501,445A,OK
22266989,1479300101,734C,OK
22266925,1479299973,734C,WRONG_ANSWER
22266893,1479299911,734C,OK
22263482,1479291415,734C,WRONG_ANSWER
22262276,1479287494,734C,WRONG_ANSWER
22261665,1479285753,734C,WRONG_ANSWER
22252505,1479244004,734C,WRONG_ANSWER
22252407,1479243698,734C,WRONG_ANSWER
22252376,1479243617,734C,WRONG_ANSWER
22249437,1479238742,734C,WRONG_ANSWER
22245515,1479233550,734E,WRONG_ANSWER
22233527,1479228626,734B,OK
22227921,1479227920,734A,OK
22225480,1479225152,302A,OK
22225350,1479224656,302A,TIME_LIMIT_EXCEEDED
22179131,1478959034,697C,OK
22098937,1478538931,522A,OK
22098292,1478536297,431C,OK
22098219,1478536044,431C,WRONG_ANSWER
22098206,1478536002,431C,WRONG_ANSWER
22098166,1478535866,431C,WRONG_ANSWER
22098125,1478535713,431C,COMPILATION_ERROR
21943615,1477930835,733D,OK
21928276,1477924354,733A,OK
21926355,1477923934,733B,OK
21923199,1477923425,733A,CHALLENGED
21922218,1477923274,733A,WRONG_ANSWER
21920758,1477923084,733A,WRONG_ANSWER
21691271,1477162157,725C,OK
21691160,1477161978,725C,WRONG_ANSWER
21690882,1477161575,725C,WRONG_ANSWER
21677241,1477151227,725B,OK
21673250,1477149624,725A,OK
21671872,1477149220,725A,WRONG_ANSWER
21549539,1476731494,580C,OK
21547485,1476728605,732C,OK
21547359,1476728502,732C,WRONG_ANSWER
21533212,1476717619,732C,WRONG_ANSWER
21527714,1476716075,732B,OK
21523675,1476715358,732A,OK
21515247,1476696020,115A,OK
21514902,1476694896,115A,WRONG_ANSWER
21514861,1476694738,115A,WRONG_ANSWER
21514835,1476694642,115A,COMPILATION_ERROR
21513516,1476690030,727A,OK
21513452,1476689755,727A,RUNTIME_ERROR
21513429,1476689644,727A,RUNTIME_ERROR
21513411,1476689562,727A,WRONG_ANSWER
21509707,1476670739,731C,OK
21509700,1476670706,731C,COMPILATION_ERROR
21487267,1476615498,731C,WRONG_ANSWER
21486304,1476614973,731C,WRONG_ANSWER
21484474,1476614098,731C,WRONG_ANSWER
21483193,1476613563,731B,OK
21478682,1476612043,731A,OK
21471239,1476589360,727A,WRONG_ANSWER
21288666,1475933185,724A,OK
21164304,1475507636,723D,WRONG_ANSWER
21163579,1475506766,723D,WRONG_ANSWER
21162466,1475505842,723D,WRONG_ANSWER
21150514,1475498689,723B,OK
21148789,1475497976,723B,TIME_LIMIT_EXCEEDED
21137724,1475494847,723A,OK
21136477,1475494716,723A,WRONG_ANSWER
21135697,1475494629,723A,WRONG_ANSWER
21107518,1475391598,520B,OK
21107508,1475391556,520B,COMPILATION_ERROR
21107296,1475390844,520B,RUNTIME_ERROR
21107141,1475390271,520B,WRONG_ANSWER
21107126,1475390224,520B,RUNTIME_ERROR
21107047,1475390036,520B,WRONG_ANSWER
21106991,1475389876,520B,WRONG_ANSWER
21106966,1475389778,520B,RUNTIME_ERROR
21106587,1475388497,500A,OK
21106511,1475388236,500A,WRONG_ANSWER
21106423,1475387885,722A,OK
21079695,1475332769,722B,OK
21074393,1475331628,722A,WRONG_ANSWER
21027374,1475246691,721B,OK
21025908,1475246323,721B,WRONG_ANSWER
21019980,1475245094,721A,OK
20997044,1475164160,461A,OK
20996946,1475163915,461A,RUNTIME_ERROR
20976663,1475087395,510B,WRONG_ANSWER
20976619,1475087293,510B,WRONG_ANSWER
20975476,1475083997,510B,WRONG_ANSWER
20975215,1475083365,510B,WRONG_ANSWER
20974449,1475081886,510A,OK
20961541,1475046212,208A,OK
20960899,1475043150,41A,OK
20920678,1474874814,313A,OK
20920659,1474874692,313A,WRONG_ANSWER
20881531,1474694797,551B,WRONG_ANSWER
20862925,1474642252,719B,WRONG_ANSWER
20840731,1474636562,719A,OK
20825400,1474572224,363B,OK
20825307,1474571872,538B,OK
20770933,1474360214,538B,WRONG_ANSWER
20770885,1474360016,538B,WRONG_ANSWER
20770834,1474359807,538B,WRONG_ANSWER
20767744,1474342196,368B,OK
20767643,1474341280,651A,OK
20767616,1474340996,651A,WRONG_ANSWER
20767535,1474340359,313B,OK
20762725,1474309612,550A,OK
20762694,1474309487,550A,TIME_LIMIT_EXCEEDED
20762386,1474308426,550A,WRONG_ANSWER
20762366,1474308357,550A,WRONG_ANSWER
20762310,1474308134,550A,WRONG_ANSWER
20762266,1474307998,550A,WRONG_ANSWER
20757453,1474294018,550A,WRONG_ANSWER
20753682,1474285297,189A,OK
20713320,1474130901,716B,OK
20710844,1474126897,716B,WRONG_ANSWER
20710293,1474126739,716B,WRONG_ANSWER
20706688,1474125582,716B,WRONG_ANSWER
20706039,1474125373,716B,WRONG_ANSWER
20705349,1474125122,716B,WRONG_ANSWER
20703387,1474124476,716B,WRONG_ANSWER
20697668,1474122879,716A,OK
20624073,1473874211,101090H,OK
20623838,1473873722,101090H,WRONG_ANSWER
20623379,1473872769,101090K,WRONG_ANSWER
20622597,1473871094,101090K,WRONG_ANSWER
20621686,1473869203,101090G,OK
20621005,1473867937,101090G,TIME_LIMIT_EXCEEDED
20620540,1473867146,101090L,OK
20620404,1473866885,101090L,WRONG_ANSWER
20619156,1473864668,101090H,WRONG_ANSWER
20619115,1473864602,101090H,WRONG_ANSWER
20617645,1473862349,101090J,OK
20616945,1473861457,101090G,TIME_LIMIT_EXCEEDED
20609871,1473843436,101078A,TIME_LIMIT_EXCEEDED
20609700,1473842857,101078A,TIME_LIMIT_EXCEEDED
20592658,1473790061,714B,OK
20591573,1473789589,714B,WRONG_ANSWER
20590959,1473789343,714B,WRONG_ANSWER
20589258,1473788680,714B,WRONG_ANSWER
20587884,1473788195,714B,WRONG_ANSWER
20587246,1473787988,714A,OK
20583417,1473786896,714B,WRONG_ANSWER
20582351,1473786646,714B,WRONG_ANSWER
20581118,1473786367,714B,WRONG_ANSWER
20580366,1473786194,714B,WRONG_ANSWER
20572531,1473784916,714A,CHALLENGED
20532531,1473600335,717E,TIME_LIMIT_EXCEEDED
20532382,1473599980,717E,TIME_LIMIT_EXCEEDED
20532232,1473599631,717E,WRONG_ANSWER
20529140,1473592474,717C,OK
20525327,1473586008,717C,WRONG_ANSWER
20525315,1473585988,717D,WRONG_ANSWER
20524801,1473585351,717C,WRONG_ANSWER
20510795,1473530790,712B,OK
20509850,1473530160,712B,WRONG_ANSWER
20503250,1473527560,712A,OK
20500017,1473520583,455A,WRONG_ANSWER
20499876,1473520136,455A,OK
20497555,1473512488,455A,WRONG_ANSWER
20261118,1472493404,711B,OK
20253149,1472478677,711B,WRONG_ANSWER
20251371,1472478033,711B,WRONG_ANSWER
20248076,1472476889,711B,WRONG_ANSWER
20239662,1472474568,711B,WRONG_ANSWER
20237975,1472474167,711B,WRONG_ANSWER
20231131,1472472844,711A,OK
20135169,1472067379,709C,OK
20135099,1472067289,709B,OK
20132758,1472063484,709B,WRONG_ANSWER
20132561,1472063423,709B,WRONG_ANSWER
20131123,1472062878,709B,WRONG_ANSWER
20131025,1472062838,709C,WRONG_ANSWER
20129517,1472062186,709C,WRONG_ANSWER
20129470,1472062164,709C,WRONG_ANSWER
20127782,1472061466,709B,WRONG_ANSWER
20125845,1472060692,709B,WRONG_ANSWER
20114298,1472057580,709A,OK
20060796,1471879776,710E,WRONG_ANSWER
20060002,1471879339,710E,WRONG_ANSWER
20059183,1471878927,710B,WRONG_ANSWER
20049439,1471875519,710A,OK
20045902,1471869116,598A,OK
19995770,1471701777,707B,OK
19985144,1471698773,707A,OK
19956724,1471578222,100753F,RUNTIME_ERROR
19813826,1470950185,706A,OK
19813798,1470950105,706A,WRONG_ANSWER
19805209,1470937981,706B,OK
19801754,1470936831,706B,TIME_LIMIT_EXCEEDED
19801118,1470936645,706B,WRONG_ANSWER
19799858,1470936287,706B,WRONG_ANSWER
19789858,1470933786,706A,WRONG_ANSWER
19731816,1470670583,705C,TIME_LIMIT_EXCEEDED
19731649,1470669892,705C,WRONG_ANSWER
19731629,1470669817,705C,WRONG_ANSWER
19724402,1470646986,705C,WRONG_ANSWER
19723544,1470644356,705C,WRONG_ANSWER
19723504,1470644231,705C,WRONG_ANSWER
19723455,1470644118,705C,RUNTIME_ERROR
19704714,1470583646,705B,OK
19691672,1470579348,705A,OK
19633004,1470330167,703B,OK
19628753,1470328389,703B,WRONG_ANSWER
19625484,1470326453,703A,OK
19623926,1470325471,703A,WRONG_ANSWER
19620208,1470324053,703A,WRONG_ANSWER
19530258,1469939033,702B,OK
19530071,1469937883,702B,WRONG_ANSWER
19529890,1469936640,702A,OK
19446271,1469640376,263A,OK
19446187,1469640070,236A,OK
19446169,1469640003,236A,WRONG_ANSWER
19446154,1469639928,236A,WRONG_ANSWER
19446035,1469639496,122A,OK
19445936,1469639100,160A,OK
19445857,1469638785,281A,OK
19442117,1469623742,133A,OK
19442046,1469623472,133A,WRONG_ANSWER
19441778,1469622732,266A,OK
19441737,1469622633,266A,COMPILATION_ERROR
19440723,1469619575,116A,OK
19440245,1469618212,112A,OK
19439999,1469617350,96A,OK
19434699,1469600906,158B,OK
19434645,1469600713,158B,OK
19434622,1469600599,158B,RUNTIME_ERROR
19434595,1469600510,158B,WRONG_ANSWER
19434439,1469599907,158B,WRONG_ANSWER
19434339,1469599496,158B,WRONG_ANSWER
19434272,1469599150,158B,WRONG_ANSWER
19434221,1469598888,158B,WRONG_ANSWER
19433959,1469597568,282A,OK
19433877,1469597223,231A,OK
19433806,1469596813,50A,OK
19338942,1469208512,701B,TIME_LIMIT_EXCEEDED
19330878,1469206068,701A,OK
19266769,1468981404,699B,WRONG_ANSWER
19266107,1468979151,699B,WRONG_ANSWER
19265949,1468978635,699B,WRONG_ANSWER
19265937,1468978584,699B,COMPILATION_ERROR
19265868,1468978325,699A,OK
19265804,1468978110,699A,WRONG_ANSWER
19265735,1468977844,699B,WRONG_ANSWER
19265720,1468977777,699B,COMPILATION_ERROR
19265572,1468977283,699A,WRONG_ANSWER
19241056,1468935875,699B,WRONG_ANSWER
19158348,1468602295,697A,WRONG_ANSWER
19157942,1468601071,697A,WRONG_ANSWER
19157918,1468601004,697A,WRONG_ANSWER
19157886,1468600876,697A,WRONG_ANSWER
19157741,1468600429,697A,WRONG_ANSWER
19089011,1468430536,691D,WRONG_ANSWER
19088535,1468430299,691D,COMPILATION_ERROR
19085128,1468428700,691B,CHALLENGED
19081829,1468427264,691A,OK
19080836,1468426923,691A,WRONG_ANSWER
18938595,1467840591,689B,OK
18928507,1467826233,689B,WRONG_ANSWER
18800344,1467223617,688C,WRONG_ANSWER
18796239,1467222133,688B,OK
18794393,1467221620,688A,OK
18732419,1466933870,291B,WRONG_ANSWER
18726963,1466894936,462A,WRONG_ANSWER
18678131,1466702717,686B,OK
18671103,1466700470,686A,OK
18669647,1466700208,686A,WRONG_ANSWER
18617336,1466439373,456A,OK
18616352,1466435460,682A,OK
18560816,1466186481,682B,OK
18559348,1466185611,682B,WRONG_ANSWER
18558943,1466185408,682B,WRONG_ANSWER
18554825,1466183603,682A,WRONG_ANSWER
18554468,1466183474,682A,WRONG_ANSWER
18553776,1466183250,682A,WRONG_ANSWER
18542887,1466167098,676C,OK
18479771,1465934649,681C,OK
18479660,1465934474,681C,WRONG_ANSWER
18479462,1465934189,681C,RUNTIME_ERROR
18479329,1465933984,681C,WRONG_ANSWER
18472175,1465927201,681B,OK
18470637,1465926543,681B,WRONG_ANSWER
18470506,1465926489,681B,WRONG_ANSWER
18467916,1465925468,681B,CHALLENGED
18465674,1465924677,681B,TIME_LIMIT_EXCEEDED
18463279,1465923857,681B,TIME_LIMIT_EXCEEDED
18457266,1465922471,681A,OK
18425061,1465837218,678A,OK
18328730,1465413486,680C,WRONG_ANSWER
18326816,1465410698,680C,WRONG_ANSWER
18324954,1465409987,680C,WRONG_ANSWER
18317252,1465407129,680C,CHALLENGED
18310673,1465405414,680B,OK
18305392,1465404394,680A,OK
18302478,1465403293,101021A,IDLENESS_LIMIT_EXCEEDED
18302402,1465403171,101021A,OK
18194879,1464801879,677B,OK
18187617,1464799261,677A,OK
18140629,1464496305,652B,OK
18140617,1464496206,559B,OK
18140468,1464495281,181B,OK
18140410,1464494532,82A,OK
18140398,1464494357,58A,OK
18140392,1464494301,59A,OK
18094879,1464218923,676C,WRONG_ANSWER
18077664,1464190041,676A,OK
18038924,1463977671,270A,OK
18035325,1463944618,192A,OK
18034946,1463941698,270A,OK
17992990,1463669603,158C,WRONG_ANSWER
17951510,1463422187,675D,RUNTIME_ERROR
17950550,1463421668,675D,RUNTIME_ERROR
17937275,1463417120,675A,OK
17863558,1462993783,672C,WRONG_ANSWER
17861979,1462991442,672C,WRONG_ANSWER
17857680,1462988999,672B,OK
17855993,1462988008,672A,OK
17850939,1462985728,672A,RUNTIME_ERROR
17845725,1462982703,667A,OK
17800356,1462663149,673C,WRONG_ANSWER
17800345,1462663011,673C,WRONG_ANSWER
17800335,1462662919,673C,WRONG_ANSWER
17791238,1462638269,673C,WRONG_ANSWER
17791001,1462638112,673C,WRONG_ANSWER
17790547,1462637804,673C,WRONG_ANSWER
17782873,1462634314,673A,OK
17781741,1462634018,673A,WRONG_ANSWER
17747571,1462472950,670D2,WRONG_ANSWER
17747255,1462472818,670D1,OK
17746677,1462472552,670D1,WRONG_ANSWER
17745450,1462471934,670D1,WRONG_ANSWER
17744333,1462471376,670D1,WRONG_ANSWER
17736497,1462468173,670C,OK
17735557,1462467863,670C,WRONG_ANSWER
17731138,1462466658,670B,OK
17729645,1462466299,670B,WRONG_ANSWER
17725297,1462465368,670B,WRONG_ANSWER
17721114,1462464593,670A,OK
17487241,1461517477,669B,OK
17485930,1461516971,669B,WRONG_ANSWER
17485663,1461516881,669B,WRONG_ANSWER
17482411,1461516023,669A,OK
17402408,1461165712,665C,OK
17402149,1461165507,665C,WRONG_ANSWER
17325852,1460720999,118A,OK
17324968,1460716128,118A,WRONG_ANSWER
17235023,1460129717,660B,WRONG_ANSWER
17234678,1460129496,660A,WRONG_ANSWER
17232865,1460128525,660B,OK
17216228,1460047313,653A,OK
17216160,1460047004,653A,WRONG_ANSWER
17216129,1460046915,653A,WRONG_ANSWER
17099448,1459527551,656A,WRONG_ANSWER
17096820,1459526883,656A,WRONG_ANSWER
17094730,1459526552,656A,WRONG_ANSWER
17059933,1459366624,659B,OK
17057903,1459362606,659D,OK
17053197,1459359750,659B,WRONG_ANSWER
17050887,1459358526,659C,OK
17047060,1459356938,659B,RUNTIME_ERROR
17045997,1459356561,659B,RUNTIME_ERROR
17038939,1459354437,659A,OK
17004962,1459189093,658B,OK
17002717,1459187944,658B,WRONG_ANSWER
16997710,1459185724,658A,OK
16749693,1458146242,644A,WRONG_ANSWER
16484156,1457015501,624A,WRONG_ANSWER
16415014,1456689110,635C,WRONG_ANSWER
16414868,1456688973,635C,TIME_LIMIT_EXCEEDED
16414788,1456688904,635C,WRONG_ANSWER
16414553,1456688667,635C,WRONG_ANSWER
16414404,1456688521,635C,WRONG_ANSWER
16412155,1456686460,635A,OK
16374453,1456557377,633C,WRONG_ANSWER
16369262,1456515560,633D,WRONG_ANSWER
16366352,1456513817,633C,WRONG_ANSWER
16363219,1456511909,633B,OK
16353684,1456507505,633A,OK
16350271,1456503869,625A,TIME_LIMIT_EXCEEDED
16350217,1456503573,625A,TIME_LIMIT_EXCEEDED
16350156,1456503261,625A,TIME_LIMIT_EXCEEDED
16350025,1456502703,625A,WRONG_ANSWER
16349547,1456500814,625C,OK
16349233,1456499529,625B,OK
16245204,1455992180,629D,WRONG_ANSWER
16238721,1455987939,629B,OK
16235221,1455986879,629A,OK
16006902,1455393438,626C,WRONG_ANSWER
16006498,1455393176,626C,WRONG_ANSWER
16004657,1455391912,626B,OK
16003798,1455391312,626B,WRONG_ANSWER
16002994,1455390729,626B,WRONG_ANSWER
16002363,1455390309,626B,WRONG_ANSWER
16002130,1455390142,626B,WRONG_ANSWER
15995756,1455386850,626A,OK
15935715,1455118545,622B,OK
15934416,1455117941,622A,OK
15934149,1455117828,622A,WRONG_ANSWER
15710907,1454254285,621B,OK
15705695,1454251879,621A,OK
15660480,1454091414,618A,OK
15559733,1453653827,617B,OK
15534513,1453568920,617B,WRONG_ANSWER
15534153,1453568732,617B,WRONG_ANSWER
15533961,1453568627,617B,WRONG_ANSWER
15529194,1453566616,617B,WRONG_ANSWER
15527942,1453566128,617B,WRONG_ANSWER
15524062,1453564836,617A,OK
15523604,1453564703,617A,COMPILATION_ERROR
15413107,1453026134,614A,OK
15413031,1453025319,614A,WRONG_ANSWER
15412988,1453024907,614A,WRONG_ANSWER
15252263,1452268168,615D,TIME_LIMIT_EXCEEDED
15251859,1452267986,615D,WRONG_ANSWER
15239788,1452262316,615A,OK
15151016,1451670557,508A,OK
15150946,1451670100,508A,WRONG_ANSWER
15149651,1451662480,505A,OK
15149062,1451658390,584A,OK
15148520,1451655500,602A,OK
15148513,1451655450,602A,WRONG_ANSWER
15122309,1451495890,611C,TIME_LIMIT_EXCEEDED
15122191,1451495822,611C,TIME_LIMIT_EXCEEDED
15105862,1451488804,611A,OK
15053551,1451220610,610B,OK
15051761,1451219187,610B,WRONG_ANSWER
15050389,1451218438,610B,WRONG_ANSWER
15047079,1451216570,610A,OK
15044262,1451215692,610A,CHALLENGED
15043823,1451215595,610A,WRONG_ANSWER
15039649,1451192684,606A,OK
14947736,1450890623,608A,OK
14947472,1450890526,608A,WRONG_ANSWER
14719851,1449678519,606A,WRONG_ANSWER
14708435,1449647494,558A,OK
14682016,1449459276,5B,OK
14678892,1449424760,5A,OK
14678864,1449424543,5A,RUNTIME_ERROR
14678550,1449422510,4D,WRONG_ANSWER
14678199,1449420645,4C,OK
14677925,1449419260,4B,OK
14676586,1449410911,4A,OK
14676341,1449409632,3A,OK
14674238,1449397197,3A,WRONG_ANSWER
14674223,1449397062,3A,WRONG_ANSWER
14674091,1449396176,3A,WRONG_ANSWER
14672622,1449387454,2A,OK
14672526,1449386821,2A,WRONG_ANSWER
14672428,1449386204,2A,WRONG_ANSWER
14671941,1449382563,2A,WRONG_ANSWER
14671634,1449379993,2A,WRONG_ANSWER
14671507,1449378187,2A,WRONG_ANSWER
14645437,1449223958,1B,WRONG_ANSWER
14645131,1449222580,1B,WRONG_ANSWER
14644815,1449221308,1B,WRONG_ANSWER
14644573,1449220066,1B,WRONG_ANSWER
14644501,1449219628,1B,WRONG_ANSWER
14588294,1448984938,604A,OK
14376136,1448041064,599C,WRONG_ANSWER
14368388,1448038306,599A,OK
14366893,1448037968,599A,WRONG_ANSWER
14364706,1448037656,599A,WRONG_ANSWER
14362545,1448035030,100531A,WRONG_ANSWER
14274378,1447606085,596A,OK
14273228,1447605830,596A,WRONG_ANSWER
14200450,1447265274,597A,WRONG_ANSWER
14145984,1447000585,595A,OK
14091530,1446736555,593A,OK
14091440,1446736203,593A,WRONG_ANSWER
14050738,1446606290,479C,OK
14046011,1446571902,401C,OK
14045834,1446571274,401C,WRONG_ANSWER
14045298,1446569394,401C,WRONG_ANSWER
14045246,1446569223,401C,WRONG_ANSWER
14044748,1446567577,466C,OK
14019125,1446450074,466C,TIME_LIMIT_EXCEEDED
14019093,1446449767,466C,TIME_LIMIT_EXCEEDED
14019051,1446449478,466C,TIME_LIMIT_EXCEEDED
14017946,1446442321,489C,OK
14017913,1446442164,489C,WRONG_ANSWER
14017893,1446442058,489C,COMPILATION_ERROR
14017861,1446441839,489C,WRONG_ANSWER
13984284,1446312820,592B,OK
13983318,1446312417,592A,OK
13976972,1446310221,592A,CHALLENGED
13922454,1446062853,489C,WRONG_ANSWER
13922427,1446062723,489C,WRONG_ANSWER
13922399,1446062597,489C,WRONG_ANSWER
13922319,1446062200,489C,WRONG_ANSWER
13883417,1445918416,100765D,WRONG_ANSWER
13875095,1445873620,100792A,WRONG_ANSWER
13869111,1445850876,100796K,WRONG_ANSWER
13847980,1445768754,591B,OK
13843516,1445766443,591B,TIME_LIMIT_EXCEEDED
13842265,1445765851,591B,TIME_LIMIT_EXCEEDED
13841588,1445765544,591B,WRONG_ANSWER
13838073,1445764311,591A,OK
13797580,1445536878,100796I,WRONG_ANSWER
13797479,1445536546,100796I,WRONG_ANSWER
13797358,1445536075,100796I,WRONG_ANSWER
13797245,1445535658,100796K,WRONG_ANSWER
13796987,1445534751,100796K,WRONG_ANSWER
13796827,1445534151,100796C,WRONG_ANSWER
13796715,1445533660,100796E,TIME_LIMIT_EXCEEDED
13796687,1445533541,100796K,WRONG_ANSWER
13796447,1445532624,100796K,WRONG_ANSWER
13795843,1445530621,100796K,TIME_LIMIT_EXCEEDED
13795226,1445528459,100796K,WRONG_ANSWER
13795101,1445527970,100796I,WRONG_ANSWER
13794560,1445526298,100796K,WRONG_ANSWER
13794483,1445526075,100796K,WRONG_ANSWER
13794399,1445525851,100796K,TIME_LIMIT_EXCEEDED
13794301,1445525555,100796K,WRONG_ANSWER
13794062,1445524957,100796K,WRONG_ANSWER
13794001,1445524830,100796K,WRONG_ANSWER
13793243,1445523047,100796H,OK
13792600,1445521641,100796D,OK
13792351,1445521140,100796F,OK
13791834,1445520213,100796L,OK
13791624,1445519866,100796G,OK
13791279,1445519343,100796A,OK
13732276,1445279438,507B,WRONG_ANSWER
13732265,1445279387,507B,WRONG_ANSWER
13729379,1445262803,574A,OK
13729050,1445261560,574A,WRONG_ANSWER
13721603,1445228744,189A,TIME_LIMIT_EXCEEDED
13721585,1445228623,189A,TIME_LIMIT_EXCEEDED
13719119,1445199378,189A,WRONG_ANSWER
13718403,1445195631,189A,WRONG_ANSWER
13718354,1445195439,189A,WRONG_ANSWER
13718276,1445195143,189A,TIME_LIMIT_EXCEEDED
13718135,1445194289,189A,TIME_LIMIT_EXCEEDED
13717569,1445191602,489B,OK
13710294,1445161847,455A,WRONG_ANSWER
13709666,1445158905,580A,OK
13709180,1445156926,337A,OK
13669275,1445015913,131A,OK
13669235,1445015784,131A,WRONG_ANSWER
13669194,1445015630,131A,WRONG_ANSWER
13668755,1445013784,327A,OK
13668621,1445013211,327A,WRONG_ANSWER
13652825,1444939777,588B,OK
13652182,1444938656,588B,OK
13641007,1444930872,588B,WRONG_ANSWER
13640065,1444930491,588B,WRONG_ANSWER
13639142,1444930137,588B,WRONG_ANSWER
13638874,1444930040,588B,WRONG_ANSWER
13634087,1444928463,588A,OK
13575373,1444661408,586C,WRONG_ANSWER
13570810,1444647560,586C,RUNTIME_ERROR
13568804,1444646462,586C,WRONG_ANSWER
13563510,1444643855,586B,OK
13558067,1444641854,586A,OK
13549513,1444585146,20A,OK
13549392,1444584529,20A,WRONG_ANSWER
13549320,1444584184,20A,WRONG_ANSWER
13549298,1444584102,20A,WRONG_ANSWER
13549157,1444583520,20A,WRONG_ANSWER
13549116,1444583311,20A,WRONG_ANSWER
13549053,1444583104,20A,WRONG_ANSWER
13549040,1444583035,20A,COMPILATION_ERROR
13506100,1444381486,141A,OK
13506065,1444381344,110B,OK
13506033,1444381152,110A,WRONG_ANSWER
13506013,1444381051,71A,OK
13503786,1444368232,245B,OK
13503567,1444366441,318B,OK
13503543,1444366285,318B,WRONG_ANSWER
13370264,1443892319,583B,OK
13365368,1443891352,583A,OK
13311091,1443604871,581B,WRONG_ANSWER
13311077,1443604787,581B,WRONG_ANSWER
13275894,1443437955,581B,WRONG_ANSWER
13273145,1443436068,581C,CHALLENGED
13269540,1443433973,581B,CHALLENGED
13266270,1443432596,581B,TIME_LIMIT_EXCEEDED
13261571,1443431243,581A,OK
13139290,1442919799,217A,OK
13137806,1442912891,217A,WRONG_ANSWER
13137762,1442912710,217A,WRONG_ANSWER
13137618,1442912093,217A,WRONG_ANSWER
13106109,1442686842,476A,OK
13105920,1442685687,558A,WRONG_ANSWER
13105801,1442685028,558A,WRONG_ANSWER
13105537,1442683765,560A,OK
13105380,1442682900,363A,OK
13105369,1442682850,365A,OK
13105358,1442682806,370A,OK
13105350,1442682766,432A,OK
13105344,1442682722,379A,OK
13105333,1442682690,420A,OK
13105327,1442682633,424A,OK
13105317,1442682582,431A,OK
13105305,1442682531,412A,OK
13105289,1442682452,411A,OK
13105272,1442682393,462A,OK
13105259,1442682314,486A,OK
13105249,1442682213,549A,OK
13105238,1442682146,551A,OK
13105229,1442682081,557A,OK
13105219,1442681994,556A,OK
13105211,1442681939,520A,OK
13105202,1442681889,339A,OK
13105187,1442681837,158A,OK
13105177,1442681789,554A,OK
13105165,1442681732,1A,OK
13105154,1442681685,540A,OK
13105137,1442681631,70A,OK
13105118,1442681577,567A,OK
13105100,1442681513,567B,OK
13105091,1442681469,569B,OK
13105079,1442681422,570A,OK
13105046,1442681261,570C,OK
13080506,1442552948,572B,OK
13080486,1442552852,572A,OK
13080476,1442552788,274A,OK
13080465,1442552714,467A,OK
13080454,1442552650,577A,OK
13080448,1442552575,459A,OK
13080434,1442552436,471A,OK
13080422,1442552321,469A,OK
13080411,1442552236,579A,OK
13080400,1442552149,472A,OK
13080392,1442552075,475A,OK
13080386,1442552020,475A,COMPILATION_ERROR
