466407,1306078110,86A,OK
454128,1305336150,84D,OK
454123,1305335695,84D,WRONG_ANSWER
452181,1305306119,84D,WRONG_ANSWER
448924,1305301922,84B,OK
448205,1305301062,84A,OK
