38583474,1527158851,227E,OK
38583415,1527158728,227E,WRONG_ANSWER
38583226,1527158260,227E,WRONG_ANSWER
38583156,1527158041,227E,WRONG_ANSWER
38555709,1527064074,118C,WRONG_ANSWER
38555692,1527064043,118C,WRONG_ANSWER
38554560,1527061205,118B,OK
38554414,1527060861,118B,WRONG_ANSWER
38554076,1527060014,118A,OK
38554042,1527059931,118A,WRONG_ANSWER
38553919,1527059620,985E,WRONG_ANSWER
36987832,1522903605,100155B,OK
32823606,1512113560,101623A,WRONG_ANSWER
32823595,1512113524,101623A,WRONG_ANSWER
32823196,1512111941,101623A,WRONG_ANSWER
32822900,1512110779,101623F,OK
32821760,1512106371,101623K,OK
32821744,1512106309,101623K,WRONG_ANSWER
32821436,1512105112,101623K,WRONG_ANSWER
32820995,1512102984,101623I,OK
32820826,1512102031,101623I,WRONG_ANSWER
32820749,1512101506,101623G,OK
32820709,1512101194,101623G,WRONG_ANSWER
32820474,1512099586,101623H,OK
32820416,1512099186,101623H,WRONG_ANSWER
32820359,1512098753,101623D,OK
32820243,1512097774,101623B,OK
32820184,1512097410,101623B,WRONG_ANSWER
32741279,1511848565,101485C,OK
32741067,1511847836,101485D,OK
32740728,1511846752,101485D,WRONG_ANSWER
32740380,1511845407,101485D,WRONG_ANSWER
32740097,1511844005,101485K,OK
32740072,1511843833,101485K,WRONG_ANSWER
32740017,1511843597,101485K,WRONG_ANSWER
32739873,1511842998,101485G,OK
32739707,1511842149,101485A,OK
32739579,1511841441,101485A,WRONG_ANSWER
32739399,1511840562,101485E,OK
32739386,1511840503,101485E,OK
32739089,1511838841,101485J,OK
32739019,1511838471,101485I,OK
32664904,1511682127,101174J,OK
32664823,1511681967,101174J,WRONG_ANSWER
32664716,1511681764,101174J,WRONG_ANSWER
32663453,1511678576,101174I,OK
32663431,1511678500,101174I,RUNTIME_ERROR
32663406,1511678400,101174I,RUNTIME_ERROR
32663353,1511678164,101174I,WRONG_ANSWER
32662731,1511675586,101174B,OK
32662661,1511675340,101174B,WRONG_ANSWER
32662520,1511674706,101174B,WRONG_ANSWER
32662208,1511673413,101174E,OK
32662161,1511673214,101174E,WRONG_ANSWER
32661991,1511672417,101174D,OK
32661959,1511672289,101174H,OK
32661953,1511672246,101174H,WRONG_ANSWER
32661388,1511668840,101174A,OK
32661103,1511667698,101174K,OK
32660818,1511666461,101174F,OK
32660765,1511666212,101174F,WRONG_ANSWER
32660689,1511665919,101174C,OK
32541949,1511333082,100377M,WRONG_ANSWER
32541946,1511333068,100377M,WRONG_ANSWER
32541718,1511332330,100377L,OK
32541648,1511332093,100377L,TIME_LIMIT_EXCEEDED
32541580,1511331908,100377L,TIME_LIMIT_EXCEEDED
32541309,1511331035,100377G,OK
32540972,1511329759,100377G,WRONG_ANSWER
32540826,1511329129,100377N,OK
32540812,1511329083,100377N,WRONG_ANSWER
32540324,1511327097,100377G,MEMORY_LIMIT_EXCEEDED
32540311,1511327044,100377G,MEMORY_LIMIT_EXCEEDED
32540264,1511326711,100377M,WRONG_ANSWER
32540249,1511326653,100377M,WRONG_ANSWER
32540215,1511326497,100377M,WRONG_ANSWER
32540097,1511325853,100377J,OK
32540077,1511325732,100377J,RUNTIME_ERROR
32540050,1511325562,100377M,WRONG_ANSWER
32539943,1511324934,100377M,WRONG_ANSWER
32539938,1511324910,100377M,WRONG_ANSWER
32539933,1511324888,100377M,WRONG_ANSWER
32539930,1511324858,100377M,WRONG_ANSWER
32539868,1511324540,100377M,TIME_LIMIT_EXCEEDED
32539863,1511324494,100377M,WRONG_ANSWER
32539851,1511324451,100377M,TIME_LIMIT_EXCEEDED
32539829,1511324334,100377M,COMPILATION_ERROR
32539806,1511324204,100377M,WRONG_ANSWER
32539794,1511324124,100377M,WRONG_ANSWER
32539658,1511323107,100377F,OK
32539562,1511322541,100377E,OK
32539554,1511322496,100377E,WRONG_ANSWER
32539520,1511322301,100377E,WRONG_ANSWER
32539280,1511320867,100377E,WRONG_ANSWER
32539227,1511320635,100377E,WRONG_ANSWER
32539204,1511320539,100377E,WRONG_ANSWER
32539094,1511319914,100377H,OK
32539020,1511319530,100377I,OK
32450038,1511077073,101612G,WRONG_ANSWER
32449730,1511076271,101612G,WRONG_ANSWER
32449683,1511076137,101612G,WRONG_ANSWER
32449630,1511075977,101612G,MEMORY_LIMIT_EXCEEDED
32449612,1511075933,101612G,COMPILATION_ERROR
32449588,1511075863,101612G,WRONG_ANSWER
32449533,1511075709,101612G,MEMORY_LIMIT_EXCEEDED
32449460,1511075481,101612G,MEMORY_LIMIT_EXCEEDED
32449438,1511075379,101612G,WRONG_ANSWER
32449413,1511075307,101612G,MEMORY_LIMIT_EXCEEDED
32449410,1511075295,101612G,TIME_LIMIT_EXCEEDED
32449006,1511073908,101612G,WRONG_ANSWER
32448999,1511073888,101612G,WRONG_ANSWER
32448856,1511073381,101612G,MEMORY_LIMIT_EXCEEDED
32448713,1511072915,101612G,WRONG_ANSWER
32447793,1511069029,101612H,OK
32447659,1511068351,101612E,OK
32447638,1511068240,101612E,TIME_LIMIT_EXCEEDED
32447105,1511065361,101612L,WRONG_ANSWER
32447080,1511065293,101612L,OK
32447049,1511065202,101612L,WRONG_ANSWER
32446949,1511064869,101612L,WRONG_ANSWER
32446926,1511064793,101612L,WRONG_ANSWER
32446898,1511064709,101612L,WRONG_ANSWER
32446566,1511063277,101612I,OK
32446542,1511063162,101612E,WRONG_ANSWER
32446516,1511063013,101612I,WRONG_ANSWER
32446511,1511062988,101612E,WRONG_ANSWER
32446439,1511062575,101612B,OK
32446323,1511062107,101612I,WRONG_ANSWER
32446181,1511061383,101612K,OK
32446142,1511061227,101612K,WRONG_ANSWER
32446093,1511060966,101612K,WRONG_ANSWER
32446002,1511060507,101612C,OK
32445852,1511059592,101612A,OK
32370218,1510897887,101611F,OK
32370163,1510897539,101611F,WRONG_ANSWER
32370097,1510897160,101611C,OK
32370063,1510896968,101611C,OK
32369973,1510896457,101611C,WRONG_ANSWER
32369827,1510895766,101611C,WRONG_ANSWER
32369815,1510895711,101611C,WRONG_ANSWER
32369517,1510894054,101611B,OK
32369485,1510893822,101611B,WRONG_ANSWER
32369406,1510893358,101611B,WRONG_ANSWER
32369384,1510893207,101611B,WRONG_ANSWER
32369166,1510891970,101611H,OK
32369092,1510891414,101611H,WRONG_ANSWER
32369036,1510891039,101611G,OK
32369030,1510891002,101611G,WRONG_ANSWER
32368862,1510889885,101611H,WRONG_ANSWER
32368854,1510889859,101611I,OK
32368778,1510889409,101611H,WRONG_ANSWER
32368715,1510888960,101611I,WRONG_ANSWER
32368676,1510888731,101611H,WRONG_ANSWER
32368478,1510887550,101611A,OK
32368332,1510886436,101611D,OK
32368263,1510885794,101611D,WRONG_ANSWER
32325384,1510727452,101615D,OK
32324468,1510722997,101615J,OK
32324452,1510722940,101615J,WRONG_ANSWER
32324410,1510722740,101615J,WRONG_ANSWER
32323476,1510717165,101615E,OK
32323038,1510714459,101615C,OK
32322933,1510713661,101615C,WRONG_ANSWER
32322725,1510711722,101615L,OK
32322716,1510711646,101615L,WRONG_ANSWER
32322620,1510710799,101615A,OK
32187018,1510294803,101472D,TIME_LIMIT_EXCEEDED
32186984,1510294646,101472D,OK
32186938,1510294484,101472D,MEMORY_LIMIT_EXCEEDED
32186933,1510294470,101472D,MEMORY_LIMIT_EXCEEDED
32186923,1510294414,101472D,TIME_LIMIT_EXCEEDED
32186830,1510294110,101472D,TIME_LIMIT_EXCEEDED
32186814,1510294032,101472D,WRONG_ANSWER
32186792,1510293969,101472D,WRONG_ANSWER
32186763,1510293808,101472D,RUNTIME_ERROR
32186582,1510293019,101472D,RUNTIME_ERROR
32185848,1510289844,101472E,OK
32185829,1510289768,101472E,WRONG_ANSWER
32185774,1510289565,101472E,WRONG_ANSWER
32185753,1510289451,101472E,WRONG_ANSWER
32185738,1510289355,101472E,WRONG_ANSWER
32185626,1510288470,101472B,OK
32185430,1510287417,101472G,WRONG_ANSWER
32185409,1510287320,101472G,OK
32185388,1510287214,101472G,WRONG_ANSWER
32185361,1510287077,101472G,WRONG_ANSWER
32185226,1510286227,101472G,WRONG_ANSWER
32185176,1510285908,101472G,WRONG_ANSWER
32185118,1510285530,101472H,OK
32184965,1510284526,101472I,OK
32184730,1510283309,101472A,OK
32184655,1510282290,101472C,OK
32088364,1509950008,100162B,TIME_LIMIT_EXCEEDED
32088260,1509949442,100162K,OK
32088218,1509949247,100162K,RUNTIME_ERROR
32088185,1509949061,100162K,RUNTIME_ERROR
32087776,1509946107,100162G,TIME_LIMIT_EXCEEDED
32087719,1509945762,100162B,TIME_LIMIT_EXCEEDED
32087711,1509945717,100162B,TIME_LIMIT_EXCEEDED
32087642,1509945178,100162B,TIME_LIMIT_EXCEEDED
32087634,1509945152,100162B,TIME_LIMIT_EXCEEDED
32087627,1509945104,100162B,TIME_LIMIT_EXCEEDED
32087614,1509945018,100162B,TIME_LIMIT_EXCEEDED
32087461,1509944026,100162B,WRONG_ANSWER
32087295,1509942708,100162B,WRONG_ANSWER
32087235,1509942110,100162B,WRONG_ANSWER
32087201,1509941806,100162B,WRONG_ANSWER
32087173,1509941580,100162B,MEMORY_LIMIT_EXCEEDED
32086703,1509937841,100162F,OK
32086702,1509937808,100162F,WRONG_ANSWER
32086638,1509937322,100162F,MEMORY_LIMIT_EXCEEDED
32086559,1509936597,100162F,MEMORY_LIMIT_EXCEEDED
32086482,1509936024,100162H,OK
32086464,1509935830,100162H,WRONG_ANSWER
32086419,1509935435,100162F,MEMORY_LIMIT_EXCEEDED
32086392,1509935231,100162F,MEMORY_LIMIT_EXCEEDED
31968985,1509601987,101597D,OK
31939338,1509516628,101504A,OK
31939123,1509515843,101504J,OK
31939065,1509515621,101504J,TIME_LIMIT_EXCEEDED
31939055,1509515576,101504J,TIME_LIMIT_EXCEEDED
31939044,1509515540,101504J,WRONG_ANSWER
31938278,1509512325,101504B,OK
31938207,1509511972,101504B,TIME_LIMIT_EXCEEDED
31938178,1509511871,101504B,COMPILATION_ERROR
31938012,1509510916,101504C,OK
31937722,1509509215,101504E,OK
31937449,1509507611,101504K,OK
31937389,1509507280,101504K,WRONG_ANSWER
31937197,1509506211,101504H,OK
31937133,1509505811,101504K,WRONG_ANSWER
31937027,1509505139,101504K,WRONG_ANSWER
31936988,1509504921,101504K,WRONG_ANSWER
31936948,1509504663,101504K,WRONG_ANSWER
31936900,1509504333,101504K,WRONG_ANSWER
31936790,1509503589,101504F,OK
31936771,1509503456,101504F,RUNTIME_ERROR
31936764,1509503389,101504F,WRONG_ANSWER
31936678,1509502763,101504F,RUNTIME_ERROR
31936578,1509502160,101504G,OK
31936277,1509500017,100199D,OK
31936271,1509499977,100199D,WRONG_ANSWER
31936231,1509499663,100199A,OK
31936218,1509499550,100199A,TIME_LIMIT_EXCEEDED
31927855,1509468455,101597F,OK
31927810,1509468330,101597F,WRONG_ANSWER
31927679,1509468039,101597F,WRONG_ANSWER
31911353,1509428700,101597A,OK
31911340,1509428650,101597A,WRONG_ANSWER
31911327,1509428608,101597A,RUNTIME_ERROR
31911305,1509428531,101597A,WRONG_ANSWER
31911196,1509428144,101597A,WRONG_ANSWER
31911184,1509428081,101597A,WRONG_ANSWER
31911141,1509427914,101597A,WRONG_ANSWER
31911118,1509427794,101597A,RUNTIME_ERROR
31911094,1509427697,101597A,WRONG_ANSWER
31911085,1509427649,101597A,WRONG_ANSWER
31911043,1509427501,101597A,WRONG_ANSWER
31911012,1509427391,101597A,WRONG_ANSWER
31910986,1509427280,101597A,TIME_LIMIT_EXCEEDED
31910941,1509427105,101597A,TIME_LIMIT_EXCEEDED
31910914,1509427016,101597A,WRONG_ANSWER
31904201,1509392176,101597J,OK
31904001,1509391624,101597J,WRONG_ANSWER
31903980,1509391579,101597J,WRONG_ANSWER
31903093,1509389130,101597J,WRONG_ANSWER
31903068,1509389062,101597J,TIME_LIMIT_EXCEEDED
31903043,1509388997,101597J,RUNTIME_ERROR
31903021,1509388934,101597J,WRONG_ANSWER
31728784,1508994551,101498M,WRONG_ANSWER
31728727,1508994276,101498M,WRONG_ANSWER
31728678,1508994043,101498G,OK
31728576,1508993564,101498G,TIME_LIMIT_EXCEEDED
31728560,1508993515,101498G,TIME_LIMIT_EXCEEDED
31728513,1508993257,101498J,OK
31728354,1508992517,101498D,OK
31728334,1508992433,101498D,WRONG_ANSWER
31728285,1508992200,101498K,OK
31728268,1508992078,101498J,TIME_LIMIT_EXCEEDED
31728263,1508992066,101498K,WRONG_ANSWER
31728160,1508991529,101498K,TIME_LIMIT_EXCEEDED
31727923,1508990390,101498K,WRONG_ANSWER
31727814,1508989844,101498K,WRONG_ANSWER
31727754,1508989414,101498K,WRONG_ANSWER
31727730,1508989295,101498K,WRONG_ANSWER
31727716,1508989203,101498K,TIME_LIMIT_EXCEEDED
31727192,1508986358,101498H,OK
31727173,1508986255,101498H,WRONG_ANSWER
31727099,1508985870,101498H,WRONG_ANSWER
31727078,1508985766,101498H,TIME_LIMIT_EXCEEDED
31727006,1508985362,101498H,WRONG_ANSWER
31726895,1508984848,101498H,WRONG_ANSWER
31726650,1508983549,101498I,OK
31726572,1508983166,101498I,WRONG_ANSWER
31726510,1508982776,101498I,WRONG_ANSWER
31726452,1508982462,101498B,OK
31726386,1508982005,101498B,WRONG_ANSWER
31726343,1508981733,101498E,OK
31726304,1508981501,101498C,OK
31726254,1508981263,101498A,OK
31726241,1508981209,101498A,WRONG_ANSWER
31726209,1508981014,101498A,WRONG_ANSWER
31688051,1508860790,101137J,WRONG_ANSWER
31575041,1508591039,883B,WRONG_ANSWER
31574927,1508590950,883B,WRONG_ANSWER
31574430,1508590491,883B,WRONG_ANSWER
31574312,1508590389,883B,WRONG_ANSWER
31573988,1508590089,883C,OK
31573577,1508589685,883C,WRONG_ANSWER
31573542,1508589646,883L,OK
31573515,1508589622,883C,WRONG_ANSWER
31573249,1508589307,883L,WRONG_ANSWER
31573223,1508589272,883C,WRONG_ANSWER
31572896,1508588937,883C,WRONG_ANSWER
31572836,1508588871,883C,WRONG_ANSWER
31572660,1508588681,883C,TIME_LIMIT_EXCEEDED
31572631,1508588660,883C,WRONG_ANSWER
31572582,1508588603,883C,RUNTIME_ERROR
31572553,1508588569,883C,WRONG_ANSWER
31571824,1508587786,883C,WRONG_ANSWER
31570978,1508586973,883C,WRONG_ANSWER
31570878,1508586877,883C,MEMORY_LIMIT_EXCEEDED
31570612,1508586617,883B,WRONG_ANSWER
31570557,1508586561,883B,WRONG_ANSWER
31569211,1508585153,883C,TIME_LIMIT_EXCEEDED
31568983,1508584922,883C,TIME_LIMIT_EXCEEDED
31568034,1508583901,883A,OK
31567956,1508583815,883A,WRONG_ANSWER
31567819,1508583677,883A,WRONG_ANSWER
31567569,1508583402,883A,TIME_LIMIT_EXCEEDED
31565231,1508581228,883G,OK
31564976,1508580984,883L,WRONG_ANSWER
31564161,1508580167,883L,WRONG_ANSWER
31563879,1508579905,883K,OK
31563636,1508579682,883L,WRONG_ANSWER
31561331,1508577718,883F,OK
31560964,1508577418,883E,OK
31560814,1508577311,883E,WRONG_ANSWER
31559119,1508575896,883I,OK
31558973,1508575794,883I,WRONG_ANSWER
31558601,1508575501,883H,OK
31558385,1508575325,883H,WRONG_ANSWER
31556530,1508573730,883M,OK
31540945,1508519321,101158G,OK
31536910,1508510658,101158C,OK
31536617,1508510005,101158C,WRONG_ANSWER
31536073,1508508959,101158D,OK
31535829,1508508451,101158D,TIME_LIMIT_EXCEEDED
31535763,1508508330,101158D,TIME_LIMIT_EXCEEDED
31535715,1508508211,101158D,WRONG_ANSWER
31535618,1508508021,101158D,TIME_LIMIT_EXCEEDED
31535532,1508507852,101158D,TIME_LIMIT_EXCEEDED
31535461,1508507728,101158D,WRONG_ANSWER
31535351,1508507540,101158D,MEMORY_LIMIT_EXCEEDED
31535341,1508507518,101158D,COMPILATION_ERROR
31535266,1508507370,101158D,MEMORY_LIMIT_EXCEEDED
31534090,1508505046,101158D,MEMORY_LIMIT_EXCEEDED
31533793,1508504416,101158A,OK
31533767,1508504367,101158A,RUNTIME_ERROR
31517678,1508441962,101208I,OK
31456621,1508260603,100155B,RUNTIME_ERROR
31456462,1508260041,100155B,RUNTIME_ERROR
31455831,1508258517,100155B,WRONG_ANSWER
31455771,1508258408,100155B,WRONG_ANSWER
31454479,1508255450,100155F,OK
31454451,1508255381,100155F,WRONG_ANSWER
31371634,1508083239,871C,OK
31331297,1508050633,101413E,OK
31330993,1508050022,101413E,WRONG_ANSWER
31330075,1508047890,101413B,OK
31330023,1508047754,101413B,WRONG_ANSWER
31329169,1508045338,101413A,OK
31329121,1508045203,101413A,RUNTIME_ERROR
31328443,1508043176,101413H,OK
31328428,1508043149,101413H,WRONG_ANSWER
31327822,1508040889,101413G,OK
31327578,1508039637,101413F,OK
31327575,1508039614,101413F,WRONG_ANSWER
31241029,1507812286,100269G,WRONG_ANSWER
31240753,1507811469,100269D,OK
31197718,1507652975,101521E,TIME_LIMIT_EXCEEDED
31197697,1507652919,101521E,TIME_LIMIT_EXCEEDED
31196285,1507650871,101521I,OK
31193654,1507648888,101521F,OK
31193385,1507648126,101521H,OK
31193322,1507647930,101521H,WRONG_ANSWER
31193287,1507647823,101521H,RUNTIME_ERROR
31193169,1507647493,101521B,OK
31193114,1507647353,101521B,WRONG_ANSWER
31192974,1507646984,101521B,WRONG_ANSWER
31192906,1507646812,101521J,OK
31192665,1507646166,101521J,WRONG_ANSWER
31192621,1507646065,101521J,WRONG_ANSWER
31192544,1507645890,101521J,WRONG_ANSWER
31192404,1507645555,101521K,OK
31191610,1507643690,101521A,OK
31191558,1507643568,101521A,WRONG_ANSWER
31191378,1507643202,101521A,WRONG_ANSWER
31191115,1507642502,101521C,OK
31190746,1507641642,101521L,OK
31190722,1507641597,101521L,WRONG_ANSWER
31190607,1507641251,101521D,OK
31190553,1507641128,101521D,WRONG_ANSWER
31190526,1507641049,101521D,WRONG_ANSWER
31190502,1507640998,101521D,WRONG_ANSWER
31190496,1507640983,101521D,WRONG_ANSWER
31190479,1507640932,101521C,WRONG_ANSWER
31190408,1507640743,101521C,WRONG_ANSWER
31190230,1507640325,101521C,WRONG_ANSWER
31190180,1507640197,101521C,WRONG_ANSWER
31172729,1507566296,101522G,OK
31171873,1507564041,101522E,OK
31171809,1507563891,101522E,WRONG_ANSWER
31171623,1507563449,101522E,WRONG_ANSWER
31171530,1507563208,101522E,WRONG_ANSWER
31171472,1507563060,101522E,WRONG_ANSWER
31170699,1507561016,101522L,OK
31170563,1507560620,101522F,OK
31170513,1507560495,101522L,WRONG_ANSWER
31170486,1507560445,101522L,WRONG_ANSWER
31170333,1507559993,101522F,WRONG_ANSWER
31170145,1507559565,101522F,WRONG_ANSWER
31170059,1507559330,101522F,WRONG_ANSWER
31168982,1507556783,101522J,OK
31168948,1507556678,101522J,WRONG_ANSWER
31168896,1507556542,101522J,MEMORY_LIMIT_EXCEEDED
31168623,1507555882,101522H,OK
31168563,1507555749,101522H,WRONG_ANSWER
31168521,1507555661,101522H,WRONG_ANSWER
31168445,1507555482,101522K,OK
31168235,1507554992,101522D,OK
31168185,1507554871,101522I,OK
31168134,1507554775,101522D,TIME_LIMIT_EXCEEDED
31168105,1507554683,101522D,TIME_LIMIT_EXCEEDED
31168048,1507554539,101522I,WRONG_ANSWER
31167718,1507553789,101522A,OK
31167666,1507553651,101522A,WRONG_ANSWER
31167526,1507553375,101522A,WRONG_ANSWER
31167410,1507553068,101522C,OK
31167229,1507552702,101522B,OK
31167206,1507552656,101522B,WRONG_ANSWER
31086956,1507308479,869E,OK
31086868,1507308394,869E,WRONG_ANSWER
31051580,1507259133,868F,OK
30904110,1506848781,101194H,OK
30903785,1506848024,101194C,OK
30903650,1506847655,101194C,WRONG_ANSWER
30903304,1506846706,101194D,OK
30903202,1506846431,101194D,WRONG_ANSWER
30902314,1506844251,101194C,WRONG_ANSWER
30902019,1506843531,101194C,WRONG_ANSWER
30901338,1506841853,101194C,TIME_LIMIT_EXCEEDED
30900648,1506839951,101194F,OK
30900634,1506839905,101194F,RUNTIME_ERROR
30900279,1506838950,101194F,WRONG_ANSWER
30900171,1506838717,101194F,WRONG_ANSWER
30900151,1506838673,101194F,WRONG_ANSWER
30899774,1506837539,101194L,OK
30899695,1506837279,101194L,WRONG_ANSWER
30899575,1506836940,101194L,WRONG_ANSWER
30899331,1506836233,101194A,OK
30818439,1506648366,100801I,OK
30818432,1506648284,100801I,WRONG_ANSWER
30688324,1506279837,855D,OK
30686445,1506272680,855D,WRONG_ANSWER
30685721,1506272206,855D,WRONG_ANSWER
30685318,1506271906,855D,WRONG_ANSWER
30683529,1506270466,855E,OK
30683287,1506270254,855E,WRONG_ANSWER
30683203,1506270188,855E,WRONG_ANSWER
30682294,1506269504,855E,TIME_LIMIT_EXCEEDED
30678068,1506266868,855C,OK
30671193,1506264250,855B,OK
30668343,1506263804,855A,OK
30662454,1506248345,100541E,TIME_LIMIT_EXCEEDED
30662366,1506248163,100541E,TIME_LIMIT_EXCEEDED
30662345,1506248090,100541E,TIME_LIMIT_EXCEEDED
30662322,1506248028,100541E,TIME_LIMIT_EXCEEDED
30662131,1506247466,100541E,TIME_LIMIT_EXCEEDED
30662089,1506247348,100541E,TIME_LIMIT_EXCEEDED
30662045,1506247214,100541E,TIME_LIMIT_EXCEEDED
30662021,1506247140,100541E,TIME_LIMIT_EXCEEDED
30661784,1506246504,100541E,TIME_LIMIT_EXCEEDED
30661218,1506244836,100541H,OK
30660307,1506242074,100541C,OK
30660299,1506242041,100541C,WRONG_ANSWER
30659849,1506240675,100541C,WRONG_ANSWER
30659828,1506240619,100541C,WRONG_ANSWER
30659778,1506240459,100541C,WRONG_ANSWER
30659726,1506240287,100541C,WRONG_ANSWER
30658192,1506235348,100541I,OK
30657597,1506232798,100541D,OK
30657404,1506231940,100541D,WRONG_ANSWER
30657390,1506231869,100541D,WRONG_ANSWER
30657277,1506231354,100541B,OK
30657240,1506231179,100541B,WRONG_ANSWER
30657158,1506230815,100541B,TIME_LIMIT_EXCEEDED
30657063,1506230349,100541A,OK
30649006,1506185495,101532H,OK
30648885,1506185232,101532H,WRONG_ANSWER
30648736,1506184884,101532G,OK
30648582,1506184451,101532F,OK
30647970,1506183057,101532E,OK
30647875,1506182838,101532E,WRONG_ANSWER
30647865,1506182818,101532I,OK
30647804,1506182680,101532E,TIME_LIMIT_EXCEEDED
30647648,1506182391,101532K,OK
30647187,1506181617,101532E,TIME_LIMIT_EXCEEDED
30646833,1506180964,101532A,OK
30646331,1506180148,101532D,OK
30646308,1506180122,101532E,TIME_LIMIT_EXCEEDED
30645920,1506179473,101532D,RUNTIME_ERROR
30645888,1506179410,101532D,COMPILATION_ERROR
30645735,1506179121,101532J,OK
30645630,1506178901,101532D,RUNTIME_ERROR
30645299,1506178228,101532C,OK
30645007,1506177598,101532B,OK
30528773,1505852743,101142G,OK
30523878,1505842794,862C,WRONG_ANSWER
30523709,1505842642,862C,WRONG_ANSWER
30523642,1505842575,862C,WRONG_ANSWER
30523605,1505842538,862C,WRONG_ANSWER
30523523,1505842470,862C,WRONG_ANSWER
30479608,1505754002,847D,OK
30479331,1505753726,847F,OK
30478819,1505753133,847F,WRONG_ANSWER
30478564,1505752860,847F,WRONG_ANSWER
30478039,1505752292,847K,OK
30476095,1505750001,847J,OK
30474526,1505748408,847H,OK
30474258,1505748153,847I,OK
30472783,1505746796,847H,WRONG_ANSWER
30472586,1505746637,847E,OK
30471699,1505745826,847E,WRONG_ANSWER
30471488,1505745601,847C,OK
30470957,1505745079,847E,WRONG_ANSWER
30470715,1505744850,847C,WRONG_ANSWER
30469453,1505743643,847C,WRONG_ANSWER
30468840,1505743102,847A,OK
30467821,1505742224,847M,OK
30467541,1505741992,847M,WRONG_ANSWER
30467226,1505741768,847G,OK
30466818,1505741440,847B,OK
30432184,1505656199,860A,WRONG_ANSWER
30431658,1505656067,860A,WRONG_ANSWER
30428437,1505655285,860B,OK
30425635,1505654632,860B,TIME_LIMIT_EXCEEDED
30425265,1505654536,860B,WRONG_ANSWER
30423304,1505654064,860B,TIME_LIMIT_EXCEEDED
30415075,1505639313,101512D,OK
30322850,1505377607,101484H,OK
30315299,1505330681,101505F,OK
30315285,1505330591,101505F,WRONG_ANSWER
30315107,1505329973,101505F,WRONG_ANSWER
30314627,1505328443,101505F,WRONG_ANSWER
30298944,1505276831,101505I,OK
30298929,1505276708,101505I,WRONG_ANSWER
30277729,1505188939,846E,OK
30277589,1505188024,846E,WRONG_ANSWER
30277576,1505187922,846E,WRONG_ANSWER
30156092,1504709562,853D,OK
30155891,1504709497,853D,TIME_LIMIT_EXCEEDED
30155642,1504709395,853D,WRONG_ANSWER
30154947,1504709125,853D,WRONG_ANSWER
30153223,1504708355,853D,WRONG_ANSWER
30152120,1504707882,853C,OK
30144678,1504705028,853B,OK
30138454,1504703691,853A,OK
30137966,1504703591,853A,RUNTIME_ERROR
30070765,1504540146,850A,OK
30065031,1504538133,850B,OK
30039667,1504456639,852F,OK
29986166,1504277765,848B,OK
29977876,1504273961,848A,OK
29977473,1504273835,848A,WRONG_ANSWER
29759697,1503601460,843B,WRONG_ANSWER
29759407,1503601355,843B,WRONG_ANSWER
29759006,1503601190,843B,WRONG_ANSWER
29758759,1503601081,843B,WRONG_ANSWER
29758066,1503600718,843B,WRONG_ANSWER
29757336,1503600326,843B,WRONG_ANSWER
29757007,1503600151,843B,WRONG_ANSWER
29756511,1503599881,843B,TIME_LIMIT_EXCEEDED
29755108,1503599197,843B,WRONG_ANSWER
29754929,1503599107,843B,WRONG_ANSWER
29754688,1503598976,843B,WRONG_ANSWER
29754424,1503598856,843B,WRONG_ANSWER
29753762,1503598536,843B,WRONG_ANSWER
29753502,1503598407,843B,WRONG_ANSWER
29752964,1503598147,843B,WRONG_ANSWER
29752307,1503597839,843B,WRONG_ANSWER
29751630,1503597518,843B,WRONG_ANSWER
29750426,1503596986,843B,WRONG_ANSWER
29749058,1503596410,843B,WRONG_ANSWER
29748900,1503596347,843B,RUNTIME_ERROR
29748609,1503596234,843B,WRONG_ANSWER
29748017,1503596002,843B,WRONG_ANSWER
29747467,1503595783,843B,WRONG_ANSWER
29747045,1503595631,843B,WRONG_ANSWER
29739146,1503593229,843A,OK
29722289,1503550876,708C,OK
29722271,1503550793,708C,RUNTIME_ERROR
29721726,1503547958,708C,WRONG_ANSWER
29721684,1503547774,708C,WRONG_ANSWER
29661801,1503334238,845G,WRONG_ANSWER
29661735,1503334195,845G,WRONG_ANSWER
29653395,1503330027,845D,WRONG_ANSWER
29653156,1503329944,845D,WRONG_ANSWER
29651946,1503329536,845D,WRONG_ANSWER
29649365,1503328741,845C,OK
29649266,1503328715,845C,RUNTIME_ERROR
29648388,1503328493,845B,OK
29647375,1503328265,845A,OK
29646779,1503328137,845A,WRONG_ANSWER
29646409,1503327744,840B,OK
29646302,1503327347,840B,WRONG_ANSWER
29646168,1503326851,840B,WRONG_ANSWER
29646092,1503326540,840B,RUNTIME_ERROR
29615575,1503215782,840C,OK
29379815,1502548715,839A,OK
29237812,1502012379,837E,OK
29237795,1502012319,837E,TIME_LIMIT_EXCEEDED
29236826,1502009239,837D,OK
29236630,1502008567,837D,MEMORY_LIMIT_EXCEEDED
29236098,1502006667,837A,OK
29236072,1502006541,837A,WRONG_ANSWER
29085679,1501555457,835E,IDLENESS_LIMIT_EXCEEDED
29085647,1501555386,835E,IDLENESS_LIMIT_EXCEEDED
29076003,1501518885,835E,IDLENESS_LIMIT_EXCEEDED
29075490,1501518763,835E,IDLENESS_LIMIT_EXCEEDED
29062538,1501513864,835C,OK
29059347,1501513073,835D,OK
29053116,1501512056,835B,OK
29051614,1501511861,835A,OK
29019135,1501432398,833C,TIME_LIMIT_EXCEEDED
29015534,1501431416,833C,TIME_LIMIT_EXCEEDED
29014567,1501431086,833C,MEMORY_LIMIT_EXCEEDED
29013676,1501430779,833C,TIME_LIMIT_EXCEEDED
29013074,1501430600,833C,TIME_LIMIT_EXCEEDED
29008661,1501429254,833C,TIME_LIMIT_EXCEEDED
28994384,1501426006,833A,WRONG_ANSWER
28899768,1501060478,455B,OK
28896519,1501052770,433E,OK
28868831,1500968170,455B,WRONG_ANSWER
28868740,1500967881,455B,WRONG_ANSWER
28868127,1500966255,455B,WRONG_ANSWER
28798089,1500805375,616F,OK
28798041,1500805241,616F,WRONG_ANSWER
28797975,1500805072,616F,WRONG_ANSWER
28797753,1500804400,616F,WRONG_ANSWER
28797612,1500803938,616F,WRONG_ANSWER
28797571,1500803826,616F,WRONG_ANSWER
28524889,1499965351,830C,WRONG_ANSWER
28521437,1499963793,830A,OK
28520669,1499963411,830A,CHALLENGED
28520593,1499963373,830A,RUNTIME_ERROR
28520444,1499963295,830A,RUNTIME_ERROR
28519767,1499962931,830B,OK
28517954,1499962076,830B,WRONG_ANSWER
28514492,1499960636,830B,WRONG_ANSWER
28452189,1499803969,827C,OK
28452127,1499803908,827C,RUNTIME_ERROR
28451746,1499803614,827A,WRONG_ANSWER
28449780,1499798354,827A,OK
28448858,1499797972,827C,RUNTIME_ERROR
28442108,1499795116,827B,OK
28441437,1499794842,827B,WRONG_ANSWER
28441105,1499794708,827B,WRONG_ANSWER
28440776,1499794589,827B,WRONG_ANSWER
28440091,1499794318,827B,WRONG_ANSWER
28436109,1499792909,827A,SKIPPED
28435981,1499792870,827A,RUNTIME_ERROR
28390727,1499617070,793F,OK
28390647,1499616730,793F,OK
28389907,1499613605,793F,OK
28388603,1499608459,793F,OK
28388586,1499608398,793F,WRONG_ANSWER
28388565,1499608323,793F,RUNTIME_ERROR
28388546,1499608231,793F,WRONG_ANSWER
28388517,1499608135,793F,WRONG_ANSWER
28388457,1499607958,793F,WRONG_ANSWER
28388443,1499607902,793F,WRONG_ANSWER
28388429,1499607852,793F,WRONG_ANSWER
28386781,1499601345,793F,WRONG_ANSWER
28386037,1499598506,793F,WRONG_ANSWER
28379898,1499571779,713C,WRONG_ANSWER
28351606,1499439073,101370F,OK
28351591,1499439013,101370F,RUNTIME_ERROR
28351573,1499438951,101370F,WRONG_ANSWER
28350548,1499435038,101370C,OK
28341302,1499403816,100228F,OK
28335442,1499369934,100228I,OK
28329731,1499352664,100228K,OK
28329311,1499351302,100228K,WRONG_ANSWER
28328406,1499348329,100228E,OK
28327794,1499346596,100228D,OK
28327271,1499345374,100228D,WRONG_ANSWER
28326086,1499342557,100228B,OK
28325979,1499342305,100228B,WRONG_ANSWER
28325943,1499342207,100228B,WRONG_ANSWER
28325156,1499340409,100228C,OK
28325087,1499340216,100228C,TIME_LIMIT_EXCEEDED
28324953,1499339900,100228C,TIME_LIMIT_EXCEEDED
28324279,1499338261,100228A,OK
28324258,1499338210,100228H,OK
28324234,1499338137,100228H,WRONG_ANSWER
28323891,1499337273,100228J,OK
28285351,1499186264,765F,OK
28285256,1499185964,765F,TIME_LIMIT_EXCEEDED
28285244,1499185935,765F,TIME_LIMIT_EXCEEDED
28285219,1499185871,765F,TIME_LIMIT_EXCEEDED
28285181,1499185750,765F,RUNTIME_ERROR
28232363,1499018454,822E,WRONG_ANSWER
28223583,1499014544,822D,OK
28222512,1499014073,822D,TIME_LIMIT_EXCEEDED
28220608,1499013241,822C,OK
28219940,1499012965,822C,WRONG_ANSWER
28218799,1499012589,822C,WRONG_ANSWER
28216194,1499011951,822B,OK
28213894,1499011626,822A,OK
28152960,1498755534,818F,WRONG_ANSWER
28152367,1498755075,818F,WRONG_ANSWER
28151511,1498754400,818C,OK
28150730,1498753817,818C,WRONG_ANSWER
28149559,1498753004,818B,OK
28148926,1498752604,818E,OK
28146482,1498751127,818D,CHALLENGED
28144698,1498750117,818B,WRONG_ANSWER
28144264,1498749856,818B,WRONG_ANSWER
28144038,1498749731,818B,WRONG_ANSWER
28143856,1498749621,818B,WRONG_ANSWER
28143445,1498749398,818B,WRONG_ANSWER
28142612,1498748969,818A,OK
28101920,1498588920,819B,OK
28101681,1498588229,819B,WRONG_ANSWER
27868650,1497725753,815C,WRONG_ANSWER
27864459,1497716938,815C,WRONG_ANSWER
27863681,1497716572,815C,WRONG_ANSWER
27863435,1497716448,815C,MEMORY_LIMIT_EXCEEDED
27850432,1497711028,815A,OK
27806283,1497546252,817E,OK
27806115,1497546081,817E,WRONG_ANSWER
27805668,1497545605,817E,WRONG_ANSWER
27805323,1497545298,817E,WRONG_ANSWER
27804044,1497544108,817D,OK
27802981,1497543169,817D,TIME_LIMIT_EXCEEDED
27802708,1497542946,817D,WRONG_ANSWER
27801862,1497542352,817D,TIME_LIMIT_EXCEEDED
27801670,1497542212,817D,TIME_LIMIT_EXCEEDED
27801535,1497542125,817D,TIME_LIMIT_EXCEEDED
27798772,1497540452,817C,OK
27797906,1497540030,817B,OK
27796836,1497539549,817A,OK
27796429,1497539372,817A,OK
27608444,1496737386,167C,WRONG_ANSWER
27607817,1496734998,813F,OK
27607691,1496734502,813F,WRONG_ANSWER
27606883,1496731914,813E,OK
27606868,1496731861,813E,RUNTIME_ERROR
27604640,1496722228,383E,OK
27604619,1496722107,383E,WRONG_ANSWER
27604599,1496721982,383E,WRONG_ANSWER
27604585,1496721925,383E,WRONG_ANSWER
27604529,1496721612,383E,WRONG_ANSWER
27577348,1496645899,383E,WRONG_ANSWER
27577204,1496645357,165E,OK
27401045,1495948201,811E,OK
27352758,1495791282,598F,OK
27352743,1495791252,598F,WRONG_ANSWER
27352733,1495791216,598F,WRONG_ANSWER
27304922,1495555523,809C,OK
27304840,1495555246,809C,WRONG_ANSWER
27258724,1495342696,101334H,OK
27258722,1495342684,101334H,WRONG_ANSWER
27258690,1495342558,101334H,WRONG_ANSWER
27257309,1495336228,101334E,OK
27257303,1495336207,101334E,COMPILATION_ERROR
27256559,1495332560,101334J,OK
27256540,1495332416,101334J,WRONG_ANSWER
27256307,1495330867,101334I,WRONG_ANSWER
27256299,1495330825,101334I,WRONG_ANSWER
27256091,1495329568,101334F,OK
27255980,1495328495,101334F,WRONG_ANSWER
27255951,1495328237,101334F,WRONG_ANSWER
27255942,1495328118,101334F,WRONG_ANSWER
27228631,1495259005,101365F,OK
27139882,1494868622,808B,OK
27139860,1494868608,808B,WRONG_ANSWER
27139539,1494868363,808A,OK
27139183,1494868099,808C,OK
27139055,1494868010,808C,WRONG_ANSWER
27138883,1494867881,808C,WRONG_ANSWER
27138527,1494867626,808C,WRONG_ANSWER
27138277,1494867451,808C,WRONG_ANSWER
27136973,1494866675,808D,OK
27136426,1494866333,808D,WRONG_ANSWER
27136186,1494866186,808D,WRONG_ANSWER
27133219,1494864638,808E,CHALLENGED
27086212,1494674897,794E,OK
27085617,1494674540,794E,WRONG_ANSWER
27085085,1494674237,794E,WRONG_ANSWER
27084743,1494674019,794E,WRONG_ANSWER
27084631,1494673952,794E,WRONG_ANSWER
27083094,1494673020,794E,WRONG_ANSWER
27080301,1494671423,794C,OK
27080086,1494671313,794C,RUNTIME_ERROR
27078746,1494670594,794C,WRONG_ANSWER
27078636,1494670541,794C,WRONG_ANSWER
27076301,1494669473,794C,WRONG_ANSWER
27075105,1494669011,794B,OK
27072837,1494668367,794A,OK
27043807,1494547347,799D,TIME_LIMIT_EXCEEDED
27035639,1494523944,799D,WRONG_ANSWER
27034380,1494523492,799D,WRONG_ANSWER
27034167,1494523405,799D,RUNTIME_ERROR
27033100,1494522911,799D,WRONG_ANSWER
27032964,1494522852,799D,WRONG_ANSWER
27032428,1494522625,799D,WRONG_ANSWER
27032125,1494522482,799D,WRONG_ANSWER
27031380,1494522146,799D,WRONG_ANSWER
27030973,1494521972,799D,WRONG_ANSWER
27021792,1494518826,799C,OK
27019003,1494517924,799B,OK
27018926,1494517901,799B,WRONG_ANSWER
27017233,1494517399,799A,OK
26952805,1494231729,806B,WRONG_ANSWER
26952779,1494231569,806B,TIME_LIMIT_EXCEEDED
26952766,1494231489,806B,WRONG_ANSWER
26944066,1494182592,807D,TIME_LIMIT_EXCEEDED
26943934,1494182535,807D,TIME_LIMIT_EXCEEDED
26943250,1494182122,807D,WRONG_ANSWER
26935873,1494176814,807C,OK
26935194,1494176380,807C,WRONG_ANSWER
26935087,1494176304,807C,RUNTIME_ERROR
26935055,1494176277,807C,WRONG_ANSWER
26930105,1494173295,807B,OK
26927045,1494172297,807A,OK
26864341,1493921492,805F,OK
26864270,1493921403,805F,WRONG_ANSWER
26864213,1493921319,805F,WRONG_ANSWER
26863982,1493921037,805F,WRONG_ANSWER
26863813,1493920843,805F,WRONG_ANSWER
26861935,1493916230,805F,WRONG_ANSWER
26859594,1493915132,805F,WRONG_ANSWER
26858791,1493914772,805F,WRONG_ANSWER
26850740,1493911804,805D,OK
26850586,1493911767,805D,RUNTIME_ERROR
26847186,1493911027,805A,OK
26846419,1493910877,805C,OK
26840781,1493909983,805B,OK
26838484,1493909697,805A,SKIPPED
26624945,1492973045,793C,RUNTIME_ERROR
26624416,1492972882,793C,WRONG_ANSWER
26624276,1492972825,793C,WRONG_ANSWER
26623993,1492972709,793C,WRONG_ANSWER
26623385,1492972411,793C,WRONG_ANSWER
26623249,1492972345,793C,WRONG_ANSWER
26622928,1492972200,793C,WRONG_ANSWER
26622745,1492972121,793C,WRONG_ANSWER
26622641,1492972077,793C,WRONG_ANSWER
26622526,1492972020,793C,WRONG_ANSWER
26621786,1492971626,793C,WRONG_ANSWER
26621512,1492971472,793C,RUNTIME_ERROR
26621321,1492971368,793C,WRONG_ANSWER
26620511,1492970928,793C,WRONG_ANSWER
26620386,1492970835,793C,RUNTIME_ERROR
26619937,1492970543,793C,RUNTIME_ERROR
26619876,1492970515,793C,WRONG_ANSWER
26618924,1492970025,793C,RUNTIME_ERROR
26617878,1492969485,793C,WRONG_ANSWER
26614195,1492967683,793B,OK
26610223,1492966169,793A,OK
26431224,1492362141,801D,OK
26427863,1492360286,801C,WRONG_ANSWER
26426703,1492359784,801C,WRONG_ANSWER
26425850,1492359452,801C,WRONG_ANSWER
26425638,1492359374,801C,TIME_LIMIT_EXCEEDED
26419122,1492357596,801B,OK
26417710,1492357356,801A,OK
26417089,1492357234,801A,WRONG_ANSWER
26281804,1491849229,796D,WRONG_ANSWER
26281335,1491849060,796D,RUNTIME_ERROR
26279920,1491848486,796B,OK
26278034,1491847640,796D,WRONG_ANSWER
26275174,1491846483,796D,WRONG_ANSWER
26275018,1491846426,796D,WRONG_ANSWER
26273248,1491845803,796D,WRONG_ANSWER
26268719,1491844436,796C,WRONG_ANSWER
26259913,1491842613,796B,CHALLENGED
26258132,1491842288,796A,OK
25932554,1490817212,788B,OK
25931734,1490816157,788B,WRONG_ANSWER
25931629,1490816053,788B,WRONG_ANSWER
25931379,1490815800,788B,WRONG_ANSWER
25927561,1490810440,788B,WRONG_ANSWER
25927066,1490810321,788B,WRONG_ANSWER
25926544,1490810191,788B,WRONG_ANSWER
25926021,1490810059,788B,WRONG_ANSWER
25924472,1490809628,788B,WRONG_ANSWER
25922758,1490809162,788B,WRONG_ANSWER
25920840,1490808642,788B,WRONG_ANSWER
25919179,1490808206,788B,WRONG_ANSWER
25914925,1490807144,788B,WRONG_ANSWER
25910832,1490806215,788B,WRONG_ANSWER
25910417,1490806127,788B,WRONG_ANSWER
25909502,1490805918,788B,WRONG_ANSWER
25902593,1490804347,788A,OK
25846604,1490627886,792C,WRONG_ANSWER
25846351,1490627758,792C,WRONG_ANSWER
25846119,1490627620,792C,WRONG_ANSWER
25843996,1490626612,792B,OK
25842532,1490626070,792A,OK
25842292,1490625983,792A,RUNTIME_ERROR
25750846,1490288218,786C,TIME_LIMIT_EXCEEDED
25750080,1490287771,786C,TIME_LIMIT_EXCEEDED
25749253,1490287286,786C,TIME_LIMIT_EXCEEDED
25748849,1490287042,786A,TIME_LIMIT_EXCEEDED
25748359,1490286665,786C,WRONG_ANSWER
25747780,1490286280,786C,TIME_LIMIT_EXCEEDED
25747388,1490286075,786C,RUNTIME_ERROR
25624380,1489858415,790C,WRONG_ANSWER
25619589,1489855987,790B,OK
25610401,1489852457,790A,OK
25523839,1489596522,785E,TIME_LIMIT_EXCEEDED
25522574,1489595980,785E,TIME_LIMIT_EXCEEDED
25501668,1489590416,785A,OK
25264885,1488726271,781D,MEMORY_LIMIT_EXCEEDED
25264469,1488726172,781D,MEMORY_LIMIT_EXCEEDED
25263741,1488725920,781D,WRONG_ANSWER
25259524,1488723988,781C,OK
25258906,1488723697,781C,WRONG_ANSWER
25258849,1488723671,781C,WRONG_ANSWER
25258706,1488723605,781C,WRONG_ANSWER
25254482,1488721629,781B,OK
25254285,1488721546,781B,WRONG_ANSWER
25253076,1488721065,781B,WRONG_ANSWER
25249430,1488719776,781A,OK
25085757,1488220524,100975E,OK
25085743,1488220468,100975E,TIME_LIMIT_EXCEEDED
25085738,1488220443,100975E,WRONG_ANSWER
25085724,1488220388,100975E,TIME_LIMIT_EXCEEDED
25085704,1488220332,100975E,WRONG_ANSWER
25085589,1488220043,100975E,TIME_LIMIT_EXCEEDED
25085565,1488219984,100975E,TIME_LIMIT_EXCEEDED
25085558,1488219952,100975E,TIME_LIMIT_EXCEEDED
25085546,1488219909,100975E,WRONG_ANSWER
25055850,1488115756,778B,TIME_LIMIT_EXCEEDED
25055830,1488115703,778B,TIME_LIMIT_EXCEEDED
25055771,1488115589,778B,TIME_LIMIT_EXCEEDED
25055740,1488115518,778B,RUNTIME_ERROR
25053168,1488110792,778B,RUNTIME_ERROR
25053000,1488110550,778B,RUNTIME_ERROR
25052969,1488110491,778B,RUNTIME_ERROR
25052904,1488110385,778B,WRONG_ANSWER
25052871,1488110344,778B,WRONG_ANSWER
25052810,1488110246,778B,RUNTIME_ERROR
25052774,1488110186,778B,RUNTIME_ERROR
25052595,1488109950,778B,RUNTIME_ERROR
25052434,1488109718,778B,WRONG_ANSWER
24999682,1487990076,100975B,OK
24999668,1487990018,100975B,WRONG_ANSWER
24999662,1487989995,100975B,WRONG_ANSWER
24999659,1487989980,100975B,WRONG_ANSWER
24999587,1487989592,100975B,WRONG_ANSWER
24999581,1487989553,100975B,WRONG_ANSWER
24999115,1487986902,100975A,OK
24999105,1487986861,100975A,WRONG_ANSWER
24971030,1487934514,777C,OK
24969715,1487933964,777D,OK
24969585,1487933919,777D,RUNTIME_ERROR
24969413,1487933851,777D,WRONG_ANSWER
24968408,1487933431,777E,OK
24968292,1487933391,777E,RUNTIME_ERROR
24966670,1487932787,777E,WRONG_ANSWER
24966279,1487932645,777E,WRONG_ANSWER
24948750,1487884505,776E,OK
24944240,1487873453,776E,WRONG_ANSWER
24941439,1487868826,776E,WRONG_ANSWER
24941219,1487868747,776E,WRONG_ANSWER
24933768,1487865167,776C,OK
24933304,1487865009,776C,MEMORY_LIMIT_EXCEEDED
24932653,1487864805,776C,MEMORY_LIMIT_EXCEEDED
24932059,1487864610,776C,TIME_LIMIT_EXCEEDED
24927294,1487863080,776C,CHALLENGED
24920682,1487861770,776B,OK
24918098,1487861383,776A,OK
24896272,1487776271,768F,OK
24896244,1487776204,768F,WRONG_ANSWER
24896231,1487776176,768F,WRONG_ANSWER
24896216,1487776115,768F,WRONG_ANSWER
24896068,1487775645,768F,WRONG_ANSWER
24895528,1487773969,768B,OK
24848481,1487614362,768D,OK
24848210,1487614183,768D,WRONG_ANSWER
24847756,1487613856,768D,WRONG_ANSWER
24845387,1487612537,768E,OK
24842924,1487611594,768C,TIME_LIMIT_EXCEEDED
24839412,1487610334,768B,MEMORY_LIMIT_EXCEEDED
24838574,1487610036,768B,TIME_LIMIT_EXCEEDED
24836717,1487609404,768B,WRONG_ANSWER
24831114,1487607662,768B,RUNTIME_ERROR
24831003,1487607632,768B,WRONG_ANSWER
24830741,1487607565,768B,WRONG_ANSWER
24826545,1487606895,768A,OK
24725639,1487274269,765E,WRONG_ANSWER
24725598,1487274070,765E,OK
24725595,1487274047,765E,WRONG_ANSWER
24725492,1487273673,765E,WRONG_ANSWER
24725460,1487273578,765E,WRONG_ANSWER
24725420,1487273449,765E,WRONG_ANSWER
24725403,1487273388,765E,WRONG_ANSWER
24725373,1487273281,765E,WRONG_ANSWER
24725357,1487273230,765E,WRONG_ANSWER
24725319,1487273073,765E,RUNTIME_ERROR
24725209,1487272723,765E,WRONG_ANSWER
24725160,1487272562,765E,WRONG_ANSWER
24725151,1487272530,765E,WRONG_ANSWER
24725092,1487272293,765E,WRONG_ANSWER
24725060,1487272166,765E,WRONG_ANSWER
24725034,1487272077,765E,WRONG_ANSWER
24724980,1487271852,765E,WRONG_ANSWER
24724973,1487271820,765E,WRONG_ANSWER
24724943,1487271702,765E,WRONG_ANSWER
24724850,1487271381,765E,WRONG_ANSWER
24724813,1487271241,765E,WRONG_ANSWER
24724795,1487271166,765E,TIME_LIMIT_EXCEEDED
24724788,1487271143,765E,WRONG_ANSWER
24724757,1487271017,765E,TIME_LIMIT_EXCEEDED
24724746,1487270983,765E,RUNTIME_ERROR
24724698,1487270794,765E,WRONG_ANSWER
24724665,1487270683,765E,WRONG_ANSWER
24724631,1487270585,765E,WRONG_ANSWER
24709043,1487217658,765D,OK
24709031,1487217588,765D,WRONG_ANSWER
24669713,1487075530,765C,OK
24669698,1487075505,765C,WRONG_ANSWER
24669451,1487075099,765C,WRONG_ANSWER
24669403,1487075026,765B,OK
24669238,1487074759,765B,WRONG_ANSWER
24668917,1487074273,765A,OK
24668814,1487074128,765A,WRONG_ANSWER
24668766,1487074057,765A,WRONG_ANSWER
24600525,1486870483,101234J,OK
24600495,1486870279,101234J,WRONG_ANSWER
24592364,1486826011,101234C,OK
24592262,1486825644,101234C,WRONG_ANSWER
24592184,1486825399,101234C,WRONG_ANSWER
24592021,1486824720,101234C,WRONG_ANSWER
24583054,1486792023,101234G,OK
24511687,1486497749,766E,TIME_LIMIT_EXCEEDED
24511663,1486497712,766E,TIME_LIMIT_EXCEEDED
24511124,1486497123,766E,TIME_LIMIT_EXCEEDED
24510071,1486493912,766D,OK
24509983,1486493854,766D,MEMORY_LIMIT_EXCEEDED
24509395,1486493414,766D,MEMORY_LIMIT_EXCEEDED
24508912,1486493052,766D,WRONG_ANSWER
24505021,1486490533,766E,TIME_LIMIT_EXCEEDED
24500756,1486488738,766C,OK
24500464,1486488644,766C,WRONG_ANSWER
24494566,1486487438,766B,OK
24493096,1486487238,766A,OK
24379644,1486046274,763C,WRONG_ANSWER
24376080,1486044860,763A,OK
24375643,1486044707,763A,RUNTIME_ERROR
24375539,1486044680,763A,RUNTIME_ERROR
24375459,1486044645,763A,WRONG_ANSWER
24374600,1486044364,763A,WRONG_ANSWER
24373964,1486044159,763A,WRONG_ANSWER
24373736,1486044093,763A,WRONG_ANSWER
24373503,1486044032,763A,WRONG_ANSWER
24372574,1486043801,763A,WRONG_ANSWER
24320794,1485883184,761C,OK
24311999,1485877330,761E,OK
24311632,1485877221,761E,WRONG_ANSWER
24310992,1485877050,761E,WRONG_ANSWER
24310765,1485876987,761E,WRONG_ANSWER
24310221,1485876825,761E,WRONG_ANSWER
24306365,1485875898,761B,OK
24303414,1485875211,761A,OK
24302603,1485875019,761C,WRONG_ANSWER
24297250,1485873927,761D,OK
24292855,1485873449,761A,CHALLENGED
24045015,1485112175,760D,OK
24042587,1485111111,760C,OK
24040779,1485110408,760B,OK
24040660,1485110367,760B,WRONG_ANSWER
24035974,1485109166,760A,OK
23967621,1484845459,758D,WRONG_ANSWER
23966918,1484845292,758D,WRONG_ANSWER
23963117,1484843774,758C,OK
23962753,1484843619,758C,WRONG_ANSWER
23962143,1484843332,758C,WRONG_ANSWER
23961657,1484843113,758C,WRONG_ANSWER
23950332,1484838718,758B,OK
23947460,1484838434,758A,OK
23864399,1484506607,755D,WRONG_ANSWER
23863648,1484506202,755D,WRONG_ANSWER
23860373,1484504185,755D,CHALLENGED
23850802,1484500866,755C,OK
23848824,1484500407,755B,OK
23847119,1484500095,755A,OK
23760575,1484241217,757C,RUNTIME_ERROR
23760056,1484240984,757C,WRONG_ANSWER
23750043,1484237411,757B,OK
23748913,1484237131,757B,WRONG_ANSWER
23748599,1484237055,757B,WRONG_ANSWER
23747443,1484236799,757B,WRONG_ANSWER
23746372,1484236568,757B,WRONG_ANSWER
23746224,1484236540,757B,WRONG_ANSWER
23745525,1484236412,757B,WRONG_ANSWER
23744646,1484236292,757B,WRONG_ANSWER
23743200,1484236038,757A,OK
23741975,1484235838,757A,WRONG_ANSWER
23606337,1483720387,754D,WRONG_ANSWER
23606063,1483720292,754D,RUNTIME_ERROR
23602287,1483718491,754C,WRONG_ANSWER
23598458,1483716771,754C,WRONG_ANSWER
23590963,1483714456,754B,OK
23590667,1483714373,754B,WRONG_ANSWER
23589699,1483714150,754B,WRONG_ANSWER
23587714,1483713689,754A,OK
23440439,1483111145,750C,OK
23440222,1483111073,750C,WRONG_ANSWER
23439657,1483110879,750C,WRONG_ANSWER
23439207,1483110724,750C,WRONG_ANSWER
23433667,1483109166,750C,WRONG_ANSWER
23426885,1483108008,750B,OK
23421407,1483107467,750A,OK
23303990,1482663637,752F,WRONG_ANSWER
23300423,1482661952,752E,OK
23300342,1482661900,752E,RUNTIME_ERROR
23296604,1482660011,752D,WRONG_ANSWER
23296418,1482659926,752D,WRONG_ANSWER
23293181,1482658573,752C,OK
23291553,1482658041,752B,WRONG_ANSWER
23291221,1482657939,752B,WRONG_ANSWER
23288683,1482657200,752A,OK
23158420,1482170965,749D,WRONG_ANSWER
23157328,1482170373,749D,WRONG_ANSWER
23156507,1482169960,749D,WRONG_ANSWER
23155339,1482169362,749D,WRONG_ANSWER
23150601,1482167231,749C,OK
23149318,1482166718,749C,WRONG_ANSWER
23148727,1482166508,749C,RUNTIME_ERROR
23147001,1482165979,749B,OK
23144593,1482165548,749A,OK
23105216,1482068580,746G,OK
23098641,1482063635,746E,WRONG_ANSWER
23096280,1482062464,746G,WRONG_ANSWER
23096240,1482062447,746G,SKIPPED
23092916,1482060929,746C,OK
23089156,1482059266,746D,OK
23084744,1482057823,746B,OK
23084006,1482057655,746B,WRONG_ANSWER
23082730,1482057500,746A,OK
23068367,1481998561,745E,WRONG_ANSWER
23063983,1481996440,745D,WRONG_ANSWER
23063157,1481996085,745D,IDLENESS_LIMIT_EXCEEDED
23062773,1481995938,745D,IDLENESS_LIMIT_EXCEEDED
23059435,1481994657,745C,OK
23058666,1481994410,745C,WRONG_ANSWER
23057021,1481993837,745C,WRONG_ANSWER
23054290,1481993045,745B,CHALLENGED
23052237,1481992663,745A,OK
22975404,1481733198,743A,WRONG_ANSWER
22974686,1481732978,743E,WRONG_ANSWER
22961853,1481728541,743D,OK
22961364,1481728403,743D,WRONG_ANSWER
22956264,1481727258,743C,OK
22955651,1481727151,743B,OK
22955532,1481727133,743C,SKIPPED
22955099,1481727053,743B,WRONG_ANSWER
22954847,1481727002,743B,WRONG_ANSWER
22953062,1481726695,743C,CHALLENGED
22950720,1481726248,743A,SKIPPED
22942775,1481697173,535D,WRONG_ANSWER
22942631,1481696500,535D,WRONG_ANSWER
22942596,1481696319,535D,WRONG_ANSWER
22942588,1481696264,535D,WRONG_ANSWER
22546475,1480268407,735D,OK
22546374,1480268382,735D,WRONG_ANSWER
22546199,1480268324,735D,WRONG_ANSWER
22545644,1480268161,735D,WRONG_ANSWER
22545022,1480267979,735D,CHALLENGED
22544107,1480267717,735D,WRONG_ANSWER
22539140,1480266443,735C,OK
22535568,1480265682,735C,WRONG_ANSWER
22533401,1480265281,735B,OK
22532882,1480265174,735B,WRONG_ANSWER
22530750,1480264825,735A,OK
22247446,1479234356,734E,WRONG_ANSWER
22246729,1479234074,734E,WRONG_ANSWER
22244522,1479233116,734E,WRONG_ANSWER
22243062,1479232475,734E,WRONG_ANSWER
22240919,1479231591,734E,WRONG_ANSWER
22240575,1479231454,734E,MEMORY_LIMIT_EXCEEDED
22237969,1479230231,734D,OK
22236908,1479229786,734D,WRONG_ANSWER
22236834,1479229761,734D,WRONG_ANSWER
22233911,1479228725,734C,WRONG_ANSWER
22228990,1479228017,734B,OK
22226711,1479227839,734A,OK
21388253,1476293242,101124E,OK
21386827,1476289772,101124H,WRONG_ANSWER
21386725,1476289463,101124H,WRONG_ANSWER
21386445,1476288814,101124H,WRONG_ANSWER
21386353,1476288509,101124H,WRONG_ANSWER
21386320,1476288432,101124H,TIME_LIMIT_EXCEEDED
21385570,1476286314,101124L,OK
21385566,1476286302,101124L,WRONG_ANSWER
21385488,1476286066,101124L,WRONG_ANSWER
21385320,1476285537,101124L,WRONG_ANSWER
21384421,1476283257,101124K,OK
21383111,1476280067,101124C,OK
21382761,1476279242,101124M,OK
20970182,1475073387,101104I,OK
20969779,1475072674,101104D,OK
20969617,1475072386,101104D,WRONG_ANSWER
20919491,1474866952,681A,OK
18569824,1466217794,682D,OK
18569813,1466217718,682D,WRONG_ANSWER
18564381,1466188470,682D,WRONG_ANSWER
18564234,1466188415,682D,WRONG_ANSWER
18564060,1466188342,682D,WRONG_ANSWER
18563473,1466188040,682D,WRONG_ANSWER
18563324,1466187935,682D,WRONG_ANSWER
18563163,1466187854,682D,WRONG_ANSWER
18562133,1466187240,682D,WRONG_ANSWER
18560965,1466186557,682D,WRONG_ANSWER
18555668,1466183915,682C,OK
18549650,1466182135,682B,OK
18548034,1466181722,682A,OK
18476101,1465928982,681D,WRONG_ANSWER
18464572,1465924298,681C,TIME_LIMIT_EXCEEDED
18463905,1465924069,681B,OK
18463155,1465923816,681C,WRONG_ANSWER
18456795,1465922406,681A,OK
18326676,1465410649,680D,WRONG_ANSWER
18325394,1465410172,680D,WRONG_ANSWER
18325218,1465410090,680D,WRONG_ANSWER
18310274,1465405323,680C,OK
18309645,1465405185,680C,WRONG_ANSWER
18308812,1465405018,680C,WRONG_ANSWER
18307481,1465404755,680C,WRONG_ANSWER
18305782,1465404463,680B,OK
18302925,1465403954,680A,OK
18204382,1464808909,677E,OK
18204355,1464808858,677E,WRONG_ANSWER
18204275,1464808741,677E,WRONG_ANSWER
18203399,1464806083,677E,WRONG_ANSWER
18193271,1464801182,677C,OK
18191071,1464800365,677B,OK
18189822,1464799917,677B,CHALLENGED
18186445,1464799129,677A,OK
18093036,1464205204,676E,OK
18093020,1464205165,676E,WRONG_ANSWER
18092930,1464204881,676E,WRONG_ANSWER
18092792,1464204281,676E,WRONG_ANSWER
18092783,1464204226,676E,WRONG_ANSWER
18092772,1464204179,676E,WRONG_ANSWER
18092758,1464204104,676E,WRONG_ANSWER
18089207,1464195867,676B,WRONG_ANSWER
18085293,1464193795,676E,CHALLENGED
18085014,1464193659,676E,RUNTIME_ERROR
18084875,1464193575,676E,WRONG_ANSWER
18080181,1464191092,676C,OK
18080041,1464191028,676C,WRONG_ANSWER
18078287,1464190276,676C,WRONG_ANSWER
18077315,1464189899,676C,WRONG_ANSWER
18073438,1464188892,676A,OK
17951607,1463422238,675E,OK
17940628,1463417811,675B,OK
17939452,1463417534,675B,WRONG_ANSWER
17935093,1463416808,675A,OK
17862485,1462991638,672D,WRONG_ANSWER
17862288,1462991567,672D,WRONG_ANSWER
17861383,1462991147,672D,COMPILATION_ERROR
17861076,1462990995,672D,WRONG_ANSWER
17860677,1462990778,672D,WRONG_ANSWER
17859899,1462990302,672D,WRONG_ANSWER
17859827,1462990261,672D,WRONG_ANSWER
17859804,1462990250,672D,COMPILATION_ERROR
17859298,1462989932,672D,WRONG_ANSWER
17858875,1462989676,672D,WRONG_ANSWER
17858548,1462989482,672D,WRONG_ANSWER
17858500,1462989459,672D,RUNTIME_ERROR
17858235,1462989309,672D,WRONG_ANSWER
17858202,1462989291,672D,COMPILATION_ERROR
17847751,1462984989,672B,OK
17847683,1462984973,672B,COMPILATION_ERROR
17846593,1462984739,672A,OK
17846489,1462984716,672A,COMPILATION_ERROR
