27769290,1497424307,100543L,TIME_LIMIT_EXCEEDED
26145196,1491400925,101192G,OK
26145158,1491400810,101192B,OK
26145120,1491400714,101192D,OK
26009238,1490976022,784E,WRONG_ANSWER
26008497,1490975918,784E,WRONG_ANSWER
26008182,1490975876,784E,RUNTIME_ERROR
26007807,1490975820,784E,WRONG_ANSWER
26007308,1490975746,784E,WRONG_ANSWER
26006937,1490975686,784E,WRONG_ANSWER
26006561,1490975634,784E,WRONG_ANSWER
26004345,1490975291,784A,WRONG_ANSWER
26003729,1490975192,784A,WRONG_ANSWER
26002642,1490975012,784A,WRONG_ANSWER
26002386,1490974971,784A,WRONG_ANSWER
26001932,1490974894,784A,WRONG_ANSWER
26001605,1490974840,784A,WRONG_ANSWER
26001367,1490974805,784A,WRONG_ANSWER
18752110,1467030317,100574E,OK
14357336,1448016187,100608F,OK
14091598,1446736786,321C,OK
13962973,1446257916,100801I,OK
13962937,1446257612,100801I,TIME_LIMIT_EXCEEDED
13962826,1446256517,100801I,WRONG_ANSWER
13955826,1446220414,100801G,OK
13955733,1446220107,100801G,WRONG_ANSWER
13952224,1446208539,100801I,WRONG_ANSWER
13952209,1446208498,100801I,COMPILATION_ERROR
13952202,1446208474,100801I,COMPILATION_ERROR
13951839,1446207227,100801I,TIME_LIMIT_EXCEEDED
13911631,1446024660,100801I,TIME_LIMIT_EXCEEDED
13911601,1446024521,100801I,WRONG_ANSWER
13603023,1444807086,585C,OK
13603004,1444806954,585C,WRONG_ANSWER
13602933,1444806527,585C,MEMORY_LIMIT_EXCEEDED
13060058,1442462825,578E,OK
12997913,1442247361,100543J,OK
12997881,1442247146,100543J,WRONG_ANSWER
12997834,1442246883,100543J,WRONG_ANSWER
12997778,1442246600,100543J,COMPILATION_ERROR
12475431,1439364710,321C,OK
12434566,1439195232,100285A,TIME_LIMIT_EXCEEDED
12433222,1439188257,100285A,WRONG_ANSWER
12433120,1439187788,100285E,WRONG_ANSWER
12433105,1439187726,100285A,WRONG_ANSWER
12433091,1439187653,100285A,WRONG_ANSWER
12433078,1439187608,100285A,WRONG_ANSWER
12432982,1439187155,100285A,WRONG_ANSWER
12432939,1439186950,100285E,WRONG_ANSWER
12432810,1439186198,100285E,WRONG_ANSWER
12432468,1439184377,100285E,WRONG_ANSWER
12432320,1439183397,100285D,OK
12432169,1439182329,100285I,OK
12431962,1439180705,100285B,OK
12254377,1438100383,100151I,WRONG_ANSWER
12254100,1438098695,100151I,TIME_LIMIT_EXCEEDED
12027636,1436780991,100514O,OK
12026427,1436773617,100524F,OK
12026364,1436773157,100524C,OK
11961409,1436280991,100151I,WRONG_ANSWER
11960496,1436274839,100151J,OK
11960361,1436273886,100151J,RUNTIME_ERROR
11960349,1436273778,100151G,OK
11960345,1436273752,100151G,WRONG_ANSWER
11960341,1436273727,100151G,WRONG_ANSWER
11960285,1436273388,100151G,TIME_LIMIT_EXCEEDED
11960266,1436273273,100151G,TIME_LIMIT_EXCEEDED
11960231,1436273033,100151G,WRONG_ANSWER
11960223,1436272986,100151G,WRONG_ANSWER
11960170,1436272576,100151G,WRONG_ANSWER
11960111,1436272286,100151G,WRONG_ANSWER
11960089,1436272161,100151G,WRONG_ANSWER
11959887,1436270810,100151L,OK
11959770,1436270256,100151J,WRONG_ANSWER
11959505,1436268851,100151J,WRONG_ANSWER
11959407,1436268337,100151J,WRONG_ANSWER
11959349,1436268020,100151J,WRONG_ANSWER
11959335,1436267955,100151J,COMPILATION_ERROR
11958630,1436263910,100151E,OK
11958613,1436263771,100151E,TIME_LIMIT_EXCEEDED
11958564,1436263473,100151E,TIME_LIMIT_EXCEEDED
11958507,1436263159,100151E,TIME_LIMIT_EXCEEDED
11958191,1436261326,100151B,OK
11957963,1436259851,100151F,OK
11957916,1436259557,100151F,TIME_LIMIT_EXCEEDED
11957829,1436259085,100151F,WRONG_ANSWER
11957752,1436258700,100151F,WRONG_ANSWER
11957660,1436258169,100151K,OK
11957630,1436258024,100151K,WRONG_ANSWER
11957539,1436257511,100151C,OK
11957533,1436257471,100151C,WRONG_ANSWER
11957410,1436256745,100151A,OK
11957394,1436256690,100151A,WRONG_ANSWER
11957386,1436256627,100151A,RUNTIME_ERROR
11282908,1432658835,547A,WRONG_ANSWER
11067538,1431324430,543C,OK
11067465,1431323245,543D,OK
11035981,1431032206,543C,WRONG_ANSWER
11035702,1431030124,543B,OK
11035700,1431030113,543C,WRONG_ANSWER
11035694,1431030067,543B,WRONG_ANSWER
11035604,1431029478,543B,WRONG_ANSWER
11035594,1431029398,543B,WRONG_ANSWER
11035505,1431028955,543B,WRONG_ANSWER
11035196,1431027581,543A,OK
10858173,1429961756,497E,OK
10858153,1429961626,497E,WRONG_ANSWER
10857569,1429959821,497E,TIME_LIMIT_EXCEEDED
10857537,1429959581,497E,WRONG_ANSWER
10856870,1429952179,497E,WRONG_ANSWER
10854312,1429922032,497E,WRONG_ANSWER
10845468,1429868037,497C,OK
10845199,1429866226,497B,OK
10844798,1429863100,497A,OK
10830157,1429756674,348C,OK
10830156,1429756646,348C,WRONG_ANSWER
10830149,1429756534,348C,WRONG_ANSWER
10830089,1429755774,348C,OK
10830085,1429755728,348C,WRONG_ANSWER
10830083,1429755708,348C,WRONG_ANSWER
10830054,1429755205,348C,TIME_LIMIT_EXCEEDED
10830051,1429755103,348C,TIME_LIMIT_EXCEEDED
10830048,1429755081,348C,WRONG_ANSWER
10829704,1429748739,348C,TIME_LIMIT_EXCEEDED
10829700,1429748698,348C,TIME_LIMIT_EXCEEDED
10829696,1429748589,348C,WRONG_ANSWER
10829694,1429748562,348C,RUNTIME_ERROR
10829686,1429748366,348C,WRONG_ANSWER
10829675,1429748151,348C,WRONG_ANSWER
10829653,1429747609,348C,RUNTIME_ERROR
10829647,1429747544,348C,WRONG_ANSWER
10826710,1429723858,319D,OK
10826288,1429722190,348D,OK
10812951,1429634679,536C,OK
10812834,1429634266,536C,OK
10812727,1429633826,536C,WRONG_ANSWER
10812712,1429633761,536C,WRONG_ANSWER
10812696,1429633716,536C,WRONG_ANSWER
10812693,1429633698,536C,WRONG_ANSWER
10812682,1429633662,536C,WRONG_ANSWER
10812663,1429633586,536C,WRONG_ANSWER
10812641,1429633463,536C,WRONG_ANSWER
10812623,1429633393,536C,WRONG_ANSWER
10812476,1429632787,536C,WRONG_ANSWER
10812367,1429632256,536C,WRONG_ANSWER
10811930,1429629928,536C,WRONG_ANSWER
10811737,1429628969,536C,WRONG_ANSWER
10811694,1429628724,536C,WRONG_ANSWER
10794450,1429510794,295E,OK
10794438,1429510711,295E,WRONG_ANSWER
10794434,1429510685,295E,WRONG_ANSWER
10794426,1429510579,295E,WRONG_ANSWER
10794408,1429510367,295E,OK
10794395,1429510274,295E,WRONG_ANSWER
10794383,1429510167,295E,WRONG_ANSWER
10794374,1429510078,295E,WRONG_ANSWER
10794365,1429510008,295E,OK
10794364,1429509954,295E,WRONG_ANSWER
10794355,1429509860,295E,WRONG_ANSWER
10794107,1429507021,295E,WRONG_ANSWER
10793881,1429503941,295E,WRONG_ANSWER
10793851,1429503450,295E,WRONG_ANSWER
10793848,1429503440,295E,TIME_LIMIT_EXCEEDED
10793823,1429503166,295E,WRONG_ANSWER
10793821,1429503152,295E,COMPILATION_ERROR
10793816,1429503109,295E,WRONG_ANSWER
10793814,1429503081,295E,COMPILATION_ERROR
10760000,1429296986,295D,OK
10759901,1429296089,295D,WRONG_ANSWER
10756897,1429291516,295C,OK
10755466,1429289838,295C,WRONG_ANSWER
10753129,1429287227,295B,OK
10752971,1429286534,295A,OK
10728994,1429091708,536D,OK
10727054,1429078835,536D,WRONG_ANSWER
10727051,1429078802,536D,COMPILATION_ERROR
10726384,1429073468,536D,WRONG_ANSWER
10726353,1429073227,536D,WRONG_ANSWER
10726345,1429073184,536D,COMPILATION_ERROR
10642673,1428601267,100517F,OK
10642663,1428601217,100517F,WRONG_ANSWER
10642573,1428600518,100517F,WRONG_ANSWER
10642537,1428600269,100517F,RUNTIME_ERROR
10642482,1428599819,100517F,TIME_LIMIT_EXCEEDED
10642480,1428599804,100517F,RUNTIME_ERROR
10642468,1428599731,100517F,TIME_LIMIT_EXCEEDED
10642358,1428598837,100517F,WRONG_ANSWER
10642349,1428598748,100517F,WRONG_ANSWER
10641525,1428593184,100517F,TIME_LIMIT_EXCEEDED
10641493,1428593013,100517F,WRONG_ANSWER
10632069,1428509040,427D,OK
10631994,1428508720,427D,WRONG_ANSWER
10631963,1428508586,427D,COMPILATION_ERROR
10631899,1428508211,427D,WRONG_ANSWER
10631870,1428508033,427D,WRONG_ANSWER
10631855,1428507977,427D,WRONG_ANSWER
10631767,1428507534,427D,WRONG_ANSWER
10631440,1428505222,427E,OK
10631365,1428504654,427C,OK
10631242,1428503808,427B,OK
10631213,1428503641,427A,OK
10627448,1428472344,491A,OK
10627407,1428471623,444C,WRONG_ANSWER
10627377,1428471199,444B,TIME_LIMIT_EXCEEDED
10626559,1428455841,444E,OK
10623235,1428423676,444C,OK
10623150,1428423155,444C,RUNTIME_ERROR
10622536,1428418689,444E,OK
10622350,1428417387,444B,OK
10622282,1428417074,444B,WRONG_ANSWER
10621946,1428414976,444A,OK
10618318,1428384585,100517C,OK
10616543,1428354650,100514E,OK
10616512,1428354249,100514N,OK
10616506,1428354150,100514N,WRONG_ANSWER
10616345,1428352546,100514C,OK
10616327,1428352382,100514B,OK
10616289,1428352033,100514A,OK
10616260,1428351697,100514J,OK
10616238,1428351405,100514K,OK
10616135,1428350683,100514M,OK
10616068,1428350039,100514Q,OK
10616067,1428350014,100514R,OK
10616052,1428349892,100514I,OK
10616033,1428349752,100514H,OK
10611113,1428315795,526B,OK
10604769,1428254551,526A,WRONG_ANSWER
10590042,1428172853,526E,OK
10585667,1428170166,526D,OK
10585569,1428170100,526D,WRONG_ANSWER
10580483,1428167395,526C,OK
10579892,1428167113,526C,WRONG_ANSWER
10577258,1428165969,526B,OK
10575721,1428165571,526A,OK
10575570,1428165518,526A,SKIPPED
10571607,1428141645,100517E,WRONG_ANSWER
10571480,1428140877,100517E,WRONG_ANSWER
10571300,1428139499,100517E,WRONG_ANSWER
10571290,1428139444,100517E,WRONG_ANSWER
10571199,1428138651,100517E,WRONG_ANSWER
10571195,1428138581,100517E,WRONG_ANSWER
10571182,1428138399,100517E,WRONG_ANSWER
10571085,1428137552,100517E,TIME_LIMIT_EXCEEDED
10571059,1428137359,100517G,OK
10571032,1428137188,100517G,WRONG_ANSWER
10571011,1428137042,100517D,OK
10570745,1428134894,100517E,WRONG_ANSWER
10570736,1428134844,100517E,COMPILATION_ERROR
10570282,1428131187,100517L,OK
10570088,1428129779,100517H,OK
10570032,1428129304,100517L,WRONG_ANSWER
10569973,1428128761,100517H,WRONG_ANSWER
10569933,1428128423,100517H,WRONG_ANSWER
10569930,1428128390,100517H,COMPILATION_ERROR
10569740,1428126285,100517K,OK
10569638,1428125280,100517J,OK
10569611,1428124891,100517I,OK
10569550,1428124126,100517B,OK
10569526,1428123850,100517B,RUNTIME_ERROR
10558157,1428050734,425E,OK
10558145,1428050569,425E,TIME_LIMIT_EXCEEDED
10558138,1428050529,425E,RUNTIME_ERROR
10557715,1428046874,425B,OK
10557709,1428046820,425B,WRONG_ANSWER
10557507,1428045142,425A,OK
10557484,1428044896,425A,WRONG_ANSWER
10553998,1427998986,100518C,OK
10553982,1427998911,100518C,RUNTIME_ERROR
10553644,1427996417,100518C,TIME_LIMIT_EXCEEDED
10553638,1427996376,100518C,WRONG_ANSWER
10552431,1427988370,100608I,OK
10552413,1427988251,100608I,WRONG_ANSWER
10552154,1427986771,100608I,TIME_LIMIT_EXCEEDED
10552152,1427986760,100608I,WRONG_ANSWER
10552150,1427986745,100608I,WRONG_ANSWER
10552131,1427986649,100608I,WRONG_ANSWER
10548179,1427955887,100633C,TIME_LIMIT_EXCEEDED
10547828,1427951372,100633C,TIME_LIMIT_EXCEEDED
10539794,1427877887,100633C,WRONG_ANSWER
10518272,1427649215,446C,TIME_LIMIT_EXCEEDED
10518247,1427649040,446C,WRONG_ANSWER
10513847,1427621961,100633C,WRONG_ANSWER
10513835,1427621888,100633C,WRONG_ANSWER
10513499,1427619736,100633C,WRONG_ANSWER
10513491,1427619654,100633C,TIME_LIMIT_EXCEEDED
10513483,1427619634,100633C,WRONG_ANSWER
10502122,1427557017,100633I,OK
10502115,1427556999,100633L,OK
10502112,1427556973,100633F,OK
10502110,1427556955,100633G,OK
10502106,1427556930,100633F,COMPILATION_ERROR
10502090,1427556806,100633K,OK
10501638,1427553997,100633D,OK
10499732,1427544244,100633D,WRONG_ANSWER
10499249,1427541493,100633D,WRONG_ANSWER
10499240,1427541462,100633C,RUNTIME_ERROR
10498525,1427536242,100633D,WRONG_ANSWER
10497900,1427532286,100633D,WRONG_ANSWER
10497883,1427532176,100633D,WRONG_ANSWER
10497212,1427527040,100633D,WRONG_ANSWER
10497059,1427526087,100633D,WRONG_ANSWER
10497018,1427525834,100633D,WRONG_ANSWER
10493142,1427480173,100633C,WRONG_ANSWER
10493058,1427479493,100633C,WRONG_ANSWER
10492908,1427478249,100633B,OK
10492904,1427478212,100633B,OK
10492709,1427477134,100633H,OK
10492702,1427477044,100633H,WRONG_ANSWER
10492688,1427476928,100633H,WRONG_ANSWER
10492150,1427473731,100518J,WRONG_ANSWER
10491834,1427472210,100518J,WRONG_ANSWER
10491564,1427470983,100518J,WRONG_ANSWER
10491508,1427470713,100518J,TIME_LIMIT_EXCEEDED
10491049,1427468683,100518J,WRONG_ANSWER
10490886,1427467955,100518J,WRONG_ANSWER
10490877,1427467914,100518J,WRONG_ANSWER
10490871,1427467870,100518J,WRONG_ANSWER
10490844,1427467729,100518J,WRONG_ANSWER
10490842,1427467707,100518J,WRONG_ANSWER
10490652,1427466598,100518J,WRONG_ANSWER
10490548,1427466029,100518J,WRONG_ANSWER
10490545,1427466004,100518J,WRONG_ANSWER
10429265,1427263717,100524B,OK
10429263,1427263682,100524B,WRONG_ANSWER
10429150,1427261992,100524B,WRONG_ANSWER
10423775,1427206922,100524C,WRONG_ANSWER
10423693,1427206274,100524C,WRONG_ANSWER
10423679,1427206185,100524C,WRONG_ANSWER
10418334,1427157580,100524C,WRONG_ANSWER
10407031,1427091586,100633D,RUNTIME_ERROR
10377621,1426938605,100633J,OK
10377612,1426938532,100633J,OK
10377491,1426937566,100633J,WRONG_ANSWER
10377311,1426936121,100633J,WRONG_ANSWER
10377301,1426936039,100633J,COMPILATION_ERROR
10376679,1426931965,100633J,WRONG_ANSWER
10376549,1426931138,100633J,WRONG_ANSWER
10376505,1426930770,100633B,WRONG_ANSWER
10376382,1426930018,100633J,WRONG_ANSWER
10376332,1426929755,100633J,WRONG_ANSWER
10376233,1426929116,100633J,WRONG_ANSWER
10376130,1426928405,100633J,WRONG_ANSWER
10376034,1426927769,100633J,WRONG_ANSWER
10375973,1426927344,100633J,TIME_LIMIT_EXCEEDED
10375603,1426925142,100633B,WRONG_ANSWER
10375560,1426924883,100633B,WRONG_ANSWER
10375520,1426924681,100633B,WRONG_ANSWER
10375485,1426924479,100633B,WRONG_ANSWER
10374907,1426921331,100633F,OK
10374826,1426920960,100633F,WRONG_ANSWER
10374641,1426919949,100633I,OK
10374617,1426919826,100633I,TIME_LIMIT_EXCEEDED
10374463,1426919141,100633I,TIME_LIMIT_EXCEEDED
10374448,1426919055,100633I,WRONG_ANSWER
10374359,1426918600,100633L,OK
10374323,1426918427,100633L,WRONG_ANSWER
10374305,1426918326,100633L,WRONG_ANSWER
10374044,1426916621,100633G,OK
10373921,1426915670,100633G,WRONG_ANSWER
10373896,1426915375,100633G,WRONG_ANSWER
10296692,1426484949,100524C,WRONG_ANSWER
10296657,1426484392,100524C,WRONG_ANSWER
10296625,1426483958,100524C,WRONG_ANSWER
10296582,1426483261,100524I,OK
10296558,1426482966,100524I,WRONG_ANSWER
10296549,1426482880,100524I,WRONG_ANSWER
10296488,1426482118,100524I,WRONG_ANSWER
10296476,1426482019,100524I,WRONG_ANSWER
10296449,1426481698,100524I,WRONG_ANSWER
10296427,1426481357,100524I,WRONG_ANSWER
10296419,1426481275,100524I,WRONG_ANSWER
10296414,1426481173,100524I,WRONG_ANSWER
10296405,1426481062,100524I,WRONG_ANSWER
10276802,1426356782,100609G,OK
10276631,1426356184,100609G,WRONG_ANSWER
10276622,1426356153,100609G,COMPILATION_ERROR
10276597,1426356037,100609G,WRONG_ANSWER
10276575,1426355948,100609G,COMPILATION_ERROR
10276168,1426354602,100609I,OK
10276140,1426354493,100609I,WRONG_ANSWER
10276118,1426354426,100609I,WRONG_ANSWER
10274964,1426350242,100609C,OK
10274919,1426350091,100609C,WRONG_ANSWER
10274897,1426350008,100609C,WRONG_ANSWER
10274839,1426349804,100609C,WRONG_ANSWER
10274702,1426349283,100609C,WRONG_ANSWER
10274242,1426347730,100609J,OK
10273843,1426346459,100609H,OK
10273831,1426346420,100609H,WRONG_ANSWER
10273531,1426345300,100609F,OK
10273436,1426344748,100609D,OK
10273372,1426344351,100609B,OK
10273318,1426344006,100609B,WRONG_ANSWER
10273239,1426343566,100609A,OK
10258053,1426252734,100519I,OK
10258024,1426252601,100519I,WRONG_ANSWER
10232656,1426034534,100524C,TIME_LIMIT_EXCEEDED
10232652,1426034417,100524C,COMPILATION_ERROR
10218214,1425909354,100553E,OK
10218202,1425909317,100553E,OK
10218198,1425909283,100553E,WRONG_ANSWER
10218191,1425909248,100553E,WRONG_ANSWER
10217988,1425907808,100553E,WRONG_ANSWER
10217693,1425905832,100553E,WRONG_ANSWER
10217537,1425904986,100553E,WRONG_ANSWER
10208172,1425824747,100553I,OK
10208157,1425824679,100553I,WRONG_ANSWER
10200353,1425788324,100553F,OK
10200337,1425788033,100553F,WRONG_ANSWER
10200328,1425787843,100553F,WRONG_ANSWER
10200293,1425787252,100553F,WRONG_ANSWER
10200194,1425785978,100553J,OK
10200138,1425785108,100553K,OK
10200112,1425784666,100553B,OK
10200074,1425784003,100553A,OK
10200061,1425783785,100553A,WRONG_ANSWER
10194378,1425748560,100608C,OK
10194351,1425748490,100608C,WRONG_ANSWER
10194169,1425747945,100608C,RUNTIME_ERROR
10194139,1425747843,100608C,COMPILATION_ERROR
10188179,1425720608,100608J,WRONG_ANSWER
10188007,1425719570,100608F,OK
10187819,1425718363,100608D,OK
10187731,1425717807,100608D,WRONG_ANSWER
10187644,1425717305,100608D,TIME_LIMIT_EXCEEDED
10187233,1425714787,100608A,OK
10187190,1425714471,100608A,WRONG_ANSWER
10187150,1425714161,100608A,WRONG_ANSWER
10186604,1425710366,100608G,OK
10186501,1425709758,100608G,TIME_LIMIT_EXCEEDED
10186452,1425709449,100608G,TIME_LIMIT_EXCEEDED
10186116,1425707215,100608E,OK
10186067,1425706860,100608E,WRONG_ANSWER
10180167,1425661289,100518E,OK
10179665,1425659424,100518E,WRONG_ANSWER
10160365,1425557393,460E,WRONG_ANSWER
10160346,1425557333,460E,TIME_LIMIT_EXCEEDED
10160334,1425557259,460E,WRONG_ANSWER
10160038,1425555860,460E,WRONG_ANSWER
10160032,1425555839,460E,WRONG_ANSWER
10160002,1425555732,460E,WRONG_ANSWER
10159944,1425555487,460E,WRONG_ANSWER
10159645,1425554055,460E,WRONG_ANSWER
10159425,1425552879,460D,OK
10159411,1425552812,460D,WRONG_ANSWER
10159068,1425551474,460C,OK
10159059,1425551451,460C,WRONG_ANSWER
10158933,1425550694,460B,OK
10158922,1425550645,460B,WRONG_ANSWER
10158887,1425550435,460A,OK
10155331,1425519794,459E,OK
10155320,1425519621,459E,WRONG_ANSWER
10155317,1425519556,459E,WRONG_ANSWER
10155279,1425518896,459D,OK
10155186,1425517432,459C,OK
10155178,1425517235,459C,RUNTIME_ERROR
10155151,1425516591,459B,OK
10155148,1425516563,459B,WRONG_ANSWER
10155146,1425516524,459B,WRONG_ANSWER
10155127,1425516285,459A,OK
10141081,1425449707,501B,OK
10141034,1425449345,501A,OK
10140997,1425449121,515B,OK
10140948,1425448903,515A,OK
10140941,1425448878,515A,WRONG_ANSWER
10140458,1425444159,521E,WRONG_ANSWER
10140441,1425443968,521E,WRONG_ANSWER
10140433,1425443841,521E,WRONG_ANSWER
10140431,1425443816,521E,WRONG_ANSWER
10140390,1425442763,463C,OK
10140388,1425442733,463C,WRONG_ANSWER
10140382,1425442686,463C,WRONG_ANSWER
10140378,1425442654,463C,WRONG_ANSWER
10140377,1425442573,463C,WRONG_ANSWER
10139738,1425433753,463E,OK
10139727,1425433532,463E,WRONG_ANSWER
10139713,1425433265,463E,WRONG_ANSWER
10139698,1425432932,463E,WRONG_ANSWER
10139688,1425432824,463E,TIME_LIMIT_EXCEEDED
10139562,1425430571,463D,OK
10139491,1425429319,463B,OK
10139480,1425429181,463A,OK
10131308,1425379771,519E,OK
10131296,1425379680,519E,WRONG_ANSWER
10131134,1425378635,521D,OK
10131090,1425378331,521D,WRONG_ANSWER
10130992,1425377796,521D,WRONG_ANSWER
10130968,1425377641,521D,WRONG_ANSWER
10130895,1425377164,521D,WRONG_ANSWER
10130861,1425376959,521D,WRONG_ANSWER
10128171,1425358219,521D,WRONG_ANSWER
10128135,1425357737,521D,RUNTIME_ERROR
10128125,1425357613,521D,RUNTIME_ERROR
10127263,1425346857,521C,OK
10127250,1425346631,521C,WRONG_ANSWER
10127240,1425346491,521C,WRONG_ANSWER
10127171,1425345299,521B,OK
10127149,1425344891,521B,WRONG_ANSWER
10127075,1425343631,521B,WRONG_ANSWER
10126998,1425342157,521A,OK
10117297,1425295597,516D,OK
10117145,1425294995,516D,WRONG_ANSWER
10009626,1424812487,518E,OK
10009525,1424812029,518E,WRONG_ANSWER
10009138,1424810389,518D,OK
10008678,1424808868,518C,OK
10008665,1424808822,518C,WRONG_ANSWER
10008372,1424808128,518B,OK
10008258,1424807908,518B,WRONG_ANSWER
10008188,1424807805,518B,WRONG_ANSWER
10007879,1424807350,518A,OK
9980666,1424782813,100518F,OK
9980658,1424782783,100518F,WRONG_ANSWER
9980622,1424782595,100518F,WRONG_ANSWER
9980617,1424782565,100518F,TIME_LIMIT_EXCEEDED
9980563,1424782199,100518F,WRONG_ANSWER
9980510,1424781834,100518F,WRONG_ANSWER
9976299,1424751697,100574E,OK
9976230,1424750744,100574D,OK
9976125,1424749615,100574D,WRONG_ANSWER
9976114,1424749563,100574D,WRONG_ANSWER
9976082,1424749435,100574D,WRONG_ANSWER
9975718,1424745854,100574B,OK
9975706,1424745763,100574B,WRONG_ANSWER
9975654,1424745192,100574B,WRONG_ANSWER
9975623,1424744729,100574A,OK
9975602,1424744444,100574A,WRONG_ANSWER
9975599,1424744387,100574A,COMPILATION_ERROR
9975192,1424736489,498D,OK
9975190,1424736456,498D,WRONG_ANSWER
9975182,1424736205,498D,WRONG_ANSWER
9975176,1424736122,498D,RUNTIME_ERROR
9975134,1424735779,498D,WRONG_ANSWER
9974928,1424733746,498B,OK
9974750,1424731577,498C,OK
9974548,1424729681,498A,OK
9974534,1424729605,498A,WRONG_ANSWER
9974477,1424729165,514C,OK
9974445,1424728779,514C,OK
9974431,1424728573,514C,WRONG_ANSWER
9974416,1424728453,514C,WRONG_ANSWER
9974400,1424728317,514C,WRONG_ANSWER
9974364,1424728049,514C,WRONG_ANSWER
9974357,1424727975,514C,WRONG_ANSWER
9974291,1424727464,514C,WRONG_ANSWER
9966416,1424676344,466E,OK
9966402,1424676221,466E,WRONG_ANSWER
9966373,1424675974,466E,TIME_LIMIT_EXCEEDED
9966370,1424675950,466E,COMPILATION_ERROR
9966162,1424674223,466D,OK
9966067,1424673315,466C,OK
9966057,1424673254,466C,WRONG_ANSWER
9966006,1424672835,466C,WRONG_ANSWER
9965969,1424672539,466B,OK
9965961,1424672392,466B,WRONG_ANSWER
9965877,1424671646,466A,OK
9965838,1424671336,466A,WRONG_ANSWER
9965744,1424670482,504E,TIME_LIMIT_EXCEEDED
9965701,1424670121,504E,TIME_LIMIT_EXCEEDED
9965664,1424669508,504E,TIME_LIMIT_EXCEEDED
9965637,1424669264,504E,TIME_LIMIT_EXCEEDED
9965595,1424668800,504E,TIME_LIMIT_EXCEEDED
9965586,1424668716,504E,WRONG_ANSWER
9965584,1424668675,504E,WRONG_ANSWER
9965580,1424668601,504E,TIME_LIMIT_EXCEEDED
9965572,1424668521,504E,TIME_LIMIT_EXCEEDED
9965566,1424668439,504E,TIME_LIMIT_EXCEEDED
9965560,1424668332,504E,TIME_LIMIT_EXCEEDED
9965552,1424668221,504E,WRONG_ANSWER
9965544,1424668143,504E,WRONG_ANSWER
9965538,1424668079,504E,WRONG_ANSWER
9965534,1424668036,504E,TIME_LIMIT_EXCEEDED
9965531,1424667988,504E,TIME_LIMIT_EXCEEDED
9965524,1424667869,504E,WRONG_ANSWER
9965506,1424667649,504E,WRONG_ANSWER
9965500,1424667550,504E,WRONG_ANSWER
9965495,1424667498,504E,TIME_LIMIT_EXCEEDED
9965492,1424667445,504E,WRONG_ANSWER
9965472,1424667155,504E,WRONG_ANSWER
9965458,1424666941,504E,WRONG_ANSWER
9965446,1424666851,504E,WRONG_ANSWER
9965435,1424666747,504E,WRONG_ANSWER
9965401,1424666321,504E,TIME_LIMIT_EXCEEDED
9965369,1424665909,504E,WRONG_ANSWER
9965356,1424665730,504E,TIME_LIMIT_EXCEEDED
9965346,1424665599,504E,TIME_LIMIT_EXCEEDED
9965270,1424664931,504E,WRONG_ANSWER
9965259,1424664810,504E,TIME_LIMIT_EXCEEDED
9965246,1424664607,504E,WRONG_ANSWER
9965239,1424664552,504E,WRONG_ANSWER
9965235,1424664441,504E,TIME_LIMIT_EXCEEDED
9965224,1424664318,504E,TIME_LIMIT_EXCEEDED
9965201,1424664050,504E,WRONG_ANSWER
9965190,1424663911,504E,WRONG_ANSWER
9965184,1424663838,504E,TIME_LIMIT_EXCEEDED
9965171,1424663750,504E,TIME_LIMIT_EXCEEDED
9965161,1424663648,504E,TIME_LIMIT_EXCEEDED
9965122,1424663134,504E,WRONG_ANSWER
9965042,1424661993,504E,WRONG_ANSWER
9965038,1424661927,504E,WRONG_ANSWER
9965030,1424661733,504E,WRONG_ANSWER
9965025,1424661621,504E,TIME_LIMIT_EXCEEDED
9964503,1424652409,504D,OK
9964502,1424652391,504D,WRONG_ANSWER
9964404,1424650361,504D,WRONG_ANSWER
9964378,1424650038,504D,WRONG_ANSWER
9964367,1424649945,504D,WRONG_ANSWER
9964359,1424649703,504D,WRONG_ANSWER
9964353,1424649626,504D,WRONG_ANSWER
9964239,1424647965,504D,WRONG_ANSWER
9964228,1424647816,504D,WRONG_ANSWER
9964196,1424647422,504D,WRONG_ANSWER
9964190,1424647296,504D,WRONG_ANSWER
9964175,1424647114,504D,WRONG_ANSWER
9964125,1424646564,504D,TIME_LIMIT_EXCEEDED
9964085,1424645966,504D,TIME_LIMIT_EXCEEDED
9964082,1424645942,504D,WRONG_ANSWER
9961807,1424626748,504D,TIME_LIMIT_EXCEEDED
9961789,1424626671,504D,WRONG_ANSWER
9961562,1424624960,504D,TIME_LIMIT_EXCEEDED
9961514,1424624589,504D,WRONG_ANSWER
9961511,1424624553,504D,COMPILATION_ERROR
9960488,1424617543,504C,OK
9958251,1424599238,504C,WRONG_ANSWER
9955134,1424579396,504E,TIME_LIMIT_EXCEEDED
9955132,1424579364,504E,TIME_LIMIT_EXCEEDED
9955125,1424579263,504E,TIME_LIMIT_EXCEEDED
9955112,1424579119,504E,TIME_LIMIT_EXCEEDED
9954896,1424574680,504B,OK
9954761,1424572637,504A,OK
9954710,1424571897,514C,WRONG_ANSWER
9954706,1424571852,514C,WRONG_ANSWER
9954705,1424571833,514C,WRONG_ANSWER
9954681,1424571395,514C,WRONG_ANSWER
9954677,1424571358,514C,TIME_LIMIT_EXCEEDED
9954569,1424569755,514C,WRONG_ANSWER
9954560,1424569635,514C,WRONG_ANSWER
9954554,1424569553,514C,WRONG_ANSWER
9954552,1424569487,514C,WRONG_ANSWER
9954498,1424568626,514C,WRONG_ANSWER
9954477,1424568324,514C,WRONG_ANSWER
9954454,1424567793,514C,WRONG_ANSWER
9954424,1424567117,514C,WRONG_ANSWER
9954408,1424566753,514C,WRONG_ANSWER
9954400,1424566505,514C,WRONG_ANSWER
9954398,1424566482,514C,WRONG_ANSWER
9954397,1424566447,514C,WRONG_ANSWER
9954391,1424566126,514E,OK
9954390,1424566045,514E,WRONG_ANSWER
9954388,1424565994,514E,WRONG_ANSWER
9954355,1424565033,514D,OK
9954350,1424564994,514D,RUNTIME_ERROR
9954346,1424564898,514D,RUNTIME_ERROR
9954340,1424564690,514D,TIME_LIMIT_EXCEEDED
9954277,1424563415,514C,MEMORY_LIMIT_EXCEEDED
9954269,1424563349,514C,WRONG_ANSWER
9954250,1424563096,514C,WRONG_ANSWER
9954239,1424562902,514C,WRONG_ANSWER
9953687,1424562365,514B,OK
9953654,1424561862,514A,OK
9953645,1424561750,514A,WRONG_ANSWER
9953635,1424561695,514A,WRONG_ANSWER
9953631,1424561625,514A,WRONG_ANSWER
9953622,1424561540,514A,WRONG_ANSWER
9953316,1424557558,100518E,WRONG_ANSWER
9953313,1424557499,100518E,COMPILATION_ERROR
9945112,1424497910,100543K,WRONG_ANSWER
9944860,1424494532,100543K,WRONG_ANSWER
9944723,1424492459,100543I,OK
9944697,1424491873,100543F,OK
9944541,1424489753,100543F,WRONG_ANSWER
9944414,1424487518,100543I,WRONG_ANSWER
9944326,1424486051,100543D,OK
9944294,1424485144,100543H,OK
9944275,1424484783,100543C,OK
9944269,1424484637,100543C,WRONG_ANSWER
9944219,1424483825,100543L,WRONG_ANSWER
9944206,1424483472,100543L,WRONG_ANSWER
9943126,1424470367,100518I,OK
9943112,1424470288,100518I,WRONG_ANSWER
9943046,1424469700,100518I,WRONG_ANSWER
9943042,1424469641,100518I,WRONG_ANSWER
9943034,1424469546,100518I,TIME_LIMIT_EXCEEDED
9943012,1424469399,100518I,TIME_LIMIT_EXCEEDED
9943003,1424469322,100518I,TIME_LIMIT_EXCEEDED
9935716,1424425107,100518A,WRONG_ANSWER
9935682,1424424880,100518I,TIME_LIMIT_EXCEEDED
9935659,1424424690,100518H,OK
9935390,1424422895,100518A,WRONG_ANSWER
9935249,1424421793,100518I,TIME_LIMIT_EXCEEDED
9935198,1424421274,100518I,TIME_LIMIT_EXCEEDED
9934788,1424418380,100518A,WRONG_ANSWER
9934302,1424414237,100518I,WRONG_ANSWER
9934236,1424413710,100518I,WRONG_ANSWER
9934218,1424413500,100518I,WRONG_ANSWER
9933985,1424410741,100518B,OK
9933963,1424410584,100518B,WRONG_ANSWER
9928178,1424362217,516C,OK
9928152,1424362109,516C,WRONG_ANSWER
9928107,1424361917,516C,WRONG_ANSWER
9928097,1424361890,516C,WRONG_ANSWER
9928087,1424361855,516C,WRONG_ANSWER
9927283,1424358032,516B,OK
9927265,1424357965,516B,RUNTIME_ERROR
9927059,1424356800,516A,OK
9791713,1423590109,100524I,WRONG_ANSWER
9791676,1423589841,100524I,WRONG_ANSWER
9791648,1423589595,100524I,WRONG_ANSWER
9791642,1423589582,100524I,WRONG_ANSWER
9791401,1423587900,100524I,WRONG_ANSWER
9791389,1423587794,100524I,IDLENESS_LIMIT_EXCEEDED
9790263,1423579728,100524H,OK
9790230,1423579512,100524H,WRONG_ANSWER
9789662,1423576306,100524H,WRONG_ANSWER
9789589,1423575693,100524H,RUNTIME_ERROR
9789584,1423575668,100524H,WRONG_ANSWER
9784657,1423525171,100524D,OK
9784655,1423525096,100524D,COMPILATION_ERROR
9784023,1423515675,100524D,OK
9783886,1423514499,100524D,WRONG_ANSWER
9783856,1423514211,100524D,TIME_LIMIT_EXCEEDED
9783851,1423514190,100524D,WRONG_ANSWER
9783843,1423514121,100524D,WRONG_ANSWER
9783842,1423514102,100524D,WRONG_ANSWER
9783772,1423513436,100524D,WRONG_ANSWER
9783756,1423513340,100524D,TIME_LIMIT_EXCEEDED
9783731,1423513150,100524D,TIME_LIMIT_EXCEEDED
9783724,1423513074,100524D,COMPILATION_ERROR
9783619,1423512058,100524D,TIME_LIMIT_EXCEEDED
9783601,1423511936,100524D,TIME_LIMIT_EXCEEDED
9783554,1423511544,100524D,WRONG_ANSWER
9783165,1423508657,100524D,WRONG_ANSWER
9783089,1423508156,100524D,TIME_LIMIT_EXCEEDED
9782980,1423507134,100524D,TIME_LIMIT_EXCEEDED
9782949,1423506821,100524D,TIME_LIMIT_EXCEEDED
9782853,1423505980,100524D,TIME_LIMIT_EXCEEDED
9782810,1423505656,100524D,WRONG_ANSWER
9782770,1423505313,100524D,TIME_LIMIT_EXCEEDED
9778548,1423475548,100524G,OK
9778538,1423475461,100524G,TIME_LIMIT_EXCEEDED
9777190,1423460218,486E,WRONG_ANSWER
9777163,1423459759,486E,WRONG_ANSWER
9777024,1423457659,486D,OK
9776978,1423456783,486C,OK
9776975,1423456732,486C,WRONG_ANSWER
9776972,1423456701,486C,WRONG_ANSWER
9776970,1423456650,486C,WRONG_ANSWER
9774404,1423424616,100524D,WRONG_ANSWER
9774384,1423424408,100524D,WRONG_ANSWER
9774379,1423424360,100524D,COMPILATION_ERROR
9771679,1423402150,486B,OK
9771627,1423401727,486A,OK
9771167,1423398845,492E,OK
9771079,1423398071,492D,OK
9771026,1423397649,492C,OK
9770967,1423397274,492B,OK
9770930,1423397028,492A,OK
9769690,1423386929,100524D,WRONG_ANSWER
9769688,1423386908,100524D,COMPILATION_ERROR
9763013,1423338409,513G1,OK
9762403,1423337774,513D2,WRONG_ANSWER
9762312,1423337695,513E1,TIME_LIMIT_EXCEEDED
9762143,1423337558,513D2,WRONG_ANSWER
9761704,1423337205,513E1,WRONG_ANSWER
9761248,1423336835,513D2,WRONG_ANSWER
9760779,1423336414,513E1,WRONG_ANSWER
9760186,1423335939,513E1,WRONG_ANSWER
9758868,1423334851,513C,OK
9757534,1423333803,513C,WRONG_ANSWER
9757435,1423333743,513B2,OK
9757393,1423333711,513B2,WRONG_ANSWER
9757348,1423333683,513B2,WRONG_ANSWER
9757280,1423333642,513B2,OK
9756880,1423333357,513B1,OK
9753109,1423331317,513B2,WRONG_ANSWER
9752654,1423331095,513C,WRONG_ANSWER
9751925,1423330708,513B2,WRONG_ANSWER
9751902,1423330697,513B1,WRONG_ANSWER
9751721,1423330577,513A,OK
9749919,1423329499,513B2,WRONG_ANSWER
9748926,1423329086,513B1,WRONG_ANSWER
9747698,1423328736,513A,WRONG_ANSWER
9727919,1423144389,493E,TIME_LIMIT_EXCEEDED
9727484,1423141743,493D,OK
9727423,1423141370,493C,OK
9727284,1423140641,493B,OK
9727248,1423140372,493B,WRONG_ANSWER
9727214,1423140213,493B,WRONG_ANSWER
9727152,1423139878,493A,OK
9727116,1423139731,493A,WRONG_ANSWER
9725960,1423133174,407A,OK
9725950,1423133102,407A,WRONG_ANSWER
9725924,1423132846,510B,OK
9725863,1423132211,510A,OK
9725747,1423131008,509F,OK
9725678,1423130472,509F,WRONG_ANSWER
9725611,1423129975,509F,WRONG_ANSWER
9725285,1423127782,509E,OK
9725170,1423127215,509D,OK
9725016,1423126254,509C,OK
9724952,1423125860,509C,WRONG_ANSWER
9724936,1423125750,509C,WRONG_ANSWER
9724910,1423125614,509C,WRONG_ANSWER
9724708,1423124015,509B,OK
9724640,1423123402,509A,OK
9724492,1423122362,508E,OK
9724401,1423121621,508D,OK
9724302,1423120732,508C,OK
9724177,1423119651,508B,OK
9724171,1423119618,508B,MEMORY_LIMIT_EXCEEDED
9724114,1423119089,508A,OK
9724099,1423118975,508A,WRONG_ANSWER
9719093,1423066067,507E,OK
9717012,1423060271,507D,OK
9716713,1423059450,507D,WRONG_ANSWER
9716673,1423059366,507D,WRONG_ANSWER
9716643,1423059293,507D,WRONG_ANSWER
9716603,1423059183,507D,WRONG_ANSWER
9715105,1423055296,507C,OK
9714716,1423054315,507B,OK
9714665,1423054203,507B,WRONG_ANSWER
9714651,1423054176,507B,WRONG_ANSWER
9714592,1423054052,507B,WRONG_ANSWER
9714473,1423053780,507A,OK
9714397,1423053609,507A,WRONG_ANSWER
9689090,1422901497,512C,OK
9688164,1422900679,512C,WRONG_ANSWER
9683345,1422896993,512A,OK
9682385,1422896444,512B,OK
9679257,1422895225,512A,CHALLENGED
9663601,1422782362,100548E,WRONG_ANSWER
9663344,1422780677,100548B,OK
9663302,1422780432,100548B,WRONG_ANSWER
9663258,1422780254,100548B,WRONG_ANSWER
9663060,1422779018,100548B,TIME_LIMIT_EXCEEDED
9662925,1422778219,100548H,OK
9662889,1422777989,100548H,WRONG_ANSWER
9662798,1422777415,100548H,WRONG_ANSWER
9662077,1422771893,100548F,OK
9662004,1422771427,100548I,OK
9661942,1422770909,100548I,RUNTIME_ERROR
9661911,1422770676,100548I,RUNTIME_ERROR
9661888,1422770558,100548I,RUNTIME_ERROR
9661814,1422769909,100548F,WRONG_ANSWER
9661794,1422769740,100548I,TIME_LIMIT_EXCEEDED
9661683,1422768685,100548F,TIME_LIMIT_EXCEEDED
9661653,1422768466,100548F,TIME_LIMIT_EXCEEDED
9661644,1422768413,100548F,RUNTIME_ERROR
9661534,1422767411,100548F,WRONG_ANSWER
9661471,1422766629,100548K,OK
9661462,1422766501,100548K,WRONG_ANSWER
9661391,1422765281,100548A,OK
9639578,1422699778,100425G,OK
9639463,1422699019,100425G,RUNTIME_ERROR
9639371,1422698434,100425G,WRONG_ANSWER
9638755,1422693710,100425E,OK
9638713,1422693402,100425E,WRONG_ANSWER
9638672,1422693090,100425E,WRONG_ANSWER
9638362,1422690697,100425E,WRONG_ANSWER
9638180,1422689219,100425E,WRONG_ANSWER
9638170,1422689098,100425E,WRONG_ANSWER
9637904,1422686805,100425D,OK
9637868,1422686512,100425D,TIME_LIMIT_EXCEEDED
9637757,1422685331,100425H,OK
9637745,1422685200,100425H,WRONG_ANSWER
9637669,1422684419,100425A,OK
9637574,1422683271,100425A,WRONG_ANSWER
9637516,1422682754,100425A,WRONG_ANSWER
9535167,1422084338,100314D,OK
9534981,1422083156,100314D,WRONG_ANSWER
9534752,1422081725,100314D,WRONG_ANSWER
9534732,1422081556,100314D,WRONG_ANSWER
9534719,1422081475,100314D,WRONG_ANSWER
9534460,1422079354,100314F,OK
9534411,1422078945,100314A,OK
9534376,1422078676,100314A,TIME_LIMIT_EXCEEDED
9534266,1422077828,100314A,TIME_LIMIT_EXCEEDED
9534237,1422077601,100314A,TIME_LIMIT_EXCEEDED
9534205,1422077361,100314A,TIME_LIMIT_EXCEEDED
9534164,1422077075,100314A,WRONG_ANSWER
9534151,1422076970,100314A,WRONG_ANSWER
9465545,1421598156,506A,OK
9464440,1421592846,506D,OK
9464341,1421592805,506D,MEMORY_LIMIT_EXCEEDED
9464315,1421592735,506D,TIME_LIMIT_EXCEEDED
9464206,1421592660,506D,TIME_LIMIT_EXCEEDED
9464179,1421592632,506D,COMPILATION_ERROR
9464004,1421592500,506D,MEMORY_LIMIT_EXCEEDED
9463775,1421592308,506D,TIME_LIMIT_EXCEEDED
9461195,1421589949,506B,OK
9460927,1421589780,506B,WRONG_ANSWER
9460207,1421589170,506B,WRONG_ANSWER
9458140,1421587825,506A,WRONG_ANSWER
9458026,1421587754,506A,WRONG_ANSWER
9457699,1421587562,506A,WRONG_ANSWER
9457606,1421587510,506A,WRONG_ANSWER
9456747,1421586936,506A,TIME_LIMIT_EXCEEDED
9456713,1421586917,506A,COMPILATION_ERROR
9454856,1421573275,100513B,WRONG_ANSWER
9454846,1421573183,100513B,WRONG_ANSWER
9454828,1421573018,100513B,WRONG_ANSWER
9454814,1421572839,100513B,WRONG_ANSWER
9454590,1421569448,100513C,OK
9454542,1421568729,100513C,IDLENESS_LIMIT_EXCEEDED
9454400,1421566673,100513C,IDLENESS_LIMIT_EXCEEDED
9454397,1421566631,100513C,WRONG_ANSWER
9454250,1421564629,100513C,TIME_LIMIT_EXCEEDED
9454236,1421564437,100513C,TIME_LIMIT_EXCEEDED
9454230,1421564305,100513C,IDLENESS_LIMIT_EXCEEDED
9454184,1421563610,100513K,OK
9454077,1421562085,100513K,WRONG_ANSWER
9454038,1421561554,100513E,OK
9453998,1421560972,100513G,OK
9453939,1421560089,100513K,WRONG_ANSWER
9453929,1421560030,100513M,OK
9453838,1421558916,100513K,WRONG_ANSWER
9453799,1421558328,100513D,OK
9453760,1421557274,100513D,WRONG_ANSWER
9453703,1421556217,100513F,OK
9453679,1421555876,100513I,OK
9383035,1420672868,100257K,OK
9281290,1419663238,100554E,WRONG_ANSWER
9281238,1419662765,100554E,WRONG_ANSWER
9280787,1419657912,100554B,WRONG_ANSWER
9280779,1419657768,100554B,WRONG_ANSWER
9280571,1419654675,100554B,WRONG_ANSWER
9280531,1419654167,100554H,OK
9280496,1419653570,100554H,OK
9280474,1419653227,100554B,WRONG_ANSWER
9280455,1419652991,100554K,OK
9280441,1419652518,100554K,WRONG_ANSWER
9280408,1419651850,100554H,WRONG_ANSWER
9280400,1419651753,100554H,WRONG_ANSWER
9280388,1419651472,100554H,WRONG_ANSWER
9280372,1419651163,100554H,WRONG_ANSWER
9280337,1419650555,100554D,OK
9280316,1419650163,100554B,WRONG_ANSWER
9280299,1419649878,100554H,WRONG_ANSWER
9280179,1419647629,100554B,WRONG_ANSWER
9280114,1419646319,100554I,OK
9280095,1419646064,100554A,OK
8603195,1415366034,100488H,OK
8603173,1415365900,100488H,WRONG_ANSWER
8603100,1415365544,100488H,WRONG_ANSWER
8603055,1415365297,100488J,OK
8603009,1415365067,100488H,WRONG_ANSWER
8602723,1415363769,100488L,OK
8602491,1415362788,100488K,OK
8602467,1415362689,100488K,WRONG_ANSWER
8602152,1415361371,100488B,OK
8602042,1415360910,100488A,OK
8601842,1415359902,100488B,WRONG_ANSWER
8601808,1415359733,100488B,IDLENESS_LIMIT_EXCEEDED
8601765,1415359548,100488I,OK
8601615,1415358743,100488C,OK
8601462,1415357927,100488M,OK
8601443,1415357816,100488E,OK
8601429,1415357757,100488E,WRONG_ANSWER
8601363,1415357368,100488F,OK
8601305,1415357071,100488F,WRONG_ANSWER
8601250,1415356758,100488D,OK
8601244,1415356742,100488G,OK
8588895,1415274231,484C,OK
8587952,1415269837,484E,OK
8587944,1415269788,484E,COMPILATION_ERROR
8587889,1415269508,484E,WRONG_ANSWER
8587802,1415269067,484E,WRONG_ANSWER
8587746,1415268825,484E,COMPILATION_ERROR
8571810,1415210845,484D,OK
8571055,1415210363,484D,WRONG_ANSWER
8567318,1415207646,484B,OK
8564827,1415206326,484B,WRONG_ANSWER
8563524,1415206020,484B,WRONG_ANSWER
8561537,1415205598,484A,OK
8561164,1415205510,484A,WRONG_ANSWER
8558143,1415192321,100500G,TIME_LIMIT_EXCEEDED
8558133,1415192272,100500G,TIME_LIMIT_EXCEEDED
8558048,1415191875,100500G,TIME_LIMIT_EXCEEDED
8557283,1415187321,100500B,OK
8557245,1415187141,100500B,TIME_LIMIT_EXCEEDED
8557081,1415186218,100500B,TIME_LIMIT_EXCEEDED
8556955,1415185608,100500A,OK
8556805,1415184545,100500E,OK
8556603,1415183162,100500F,OK
8556489,1415182225,100500I,OK
8556439,1415181896,100500I,WRONG_ANSWER
8556317,1415181132,100500H,OK
8556301,1415181044,100500H,RUNTIME_ERROR
8556261,1415180726,100500C,OK
8556250,1415180657,100500C,RUNTIME_ERROR
8556175,1415180225,100500E,WRONG_ANSWER
8556113,1415179700,100500D,OK
8556046,1415179240,100500J,OK
8526983,1414954277,100495I,TIME_LIMIT_EXCEEDED
8521437,1414920307,100495I,WRONG_ANSWER
8520235,1414909796,100495I,WRONG_ANSWER
8519926,1414906428,100495K,OK
8519770,1414904478,100495F,OK
8519653,1414902380,100495C,OK
8519540,1414900048,100495C,TIME_LIMIT_EXCEEDED
8519494,1414899195,100495H,OK
8519490,1414899029,100495H,WRONG_ANSWER
8519487,1414898951,100495H,WRONG_ANSWER
8519417,1414897411,100495J,OK
8519366,1414896515,100495J,WRONG_ANSWER
8519361,1414896357,100495A,OK
8519341,1414896012,100495A,WRONG_ANSWER
8519279,1414895116,100495J,WRONG_ANSWER
8519261,1414894932,100495J,WRONG_ANSWER
8519255,1414894892,100495J,WRONG_ANSWER
8519184,1414893541,100495E,OK
8519170,1414893197,100495E,RUNTIME_ERROR
8519143,1414892500,100495D,OK
8519136,1414892357,100495B,OK
8519135,1414892340,100495B,COMPILATION_ERROR
8515075,1414858003,100507K,WRONG_ANSWER
8515032,1414857773,100507K,WRONG_ANSWER
8515026,1414857729,100507K,WRONG_ANSWER
8515004,1414857640,100507K,WRONG_ANSWER
8514972,1414857462,100507K,WRONG_ANSWER
8514939,1414857279,100507K,WRONG_ANSWER
8514923,1414857158,100507K,WRONG_ANSWER
8510199,1414832476,100523J,WRONG_ANSWER
8510117,1414831932,100523E,OK
8510050,1414831552,100523E,RUNTIME_ERROR
8510017,1414831370,100523E,RUNTIME_ERROR
8509853,1414830376,100523A,OK
8509788,1414829956,100523G,OK
8509580,1414828716,100523A,WRONG_ANSWER
8509561,1414828516,100523G,WRONG_ANSWER
8509550,1414828458,100523G,WRONG_ANSWER
8509500,1414828140,100523G,WRONG_ANSWER
8509450,1414827769,100523G,WRONG_ANSWER
8509137,1414825777,100523J,TIME_LIMIT_EXCEEDED
8508682,1414822730,100523A,WRONG_ANSWER
8508612,1414822205,100523A,WRONG_ANSWER
8508565,1414821810,100523F,WRONG_ANSWER
8508556,1414821700,100523F,WRONG_ANSWER
8508450,1414820812,100523A,WRONG_ANSWER
8508327,1414819487,100523J,TIME_LIMIT_EXCEEDED
8508316,1414819339,100523J,WRONG_ANSWER
8508271,1414818773,100523K,OK
8508267,1414818745,100523K,WRONG_ANSWER
8508261,1414818710,100523H,OK
8508243,1414818426,100523K,WRONG_ANSWER
8508234,1414818369,100523K,WRONG_ANSWER
8508222,1414818183,100523K,WRONG_ANSWER
8508214,1414818014,100523K,WRONG_ANSWER
8508200,1414817828,100523K,WRONG_ANSWER
8508163,1414816967,100523H,WRONG_ANSWER
8508150,1414816802,100523H,WRONG_ANSWER
8508139,1414816585,100523C,OK
8498292,1414764303,477B,OK
8498108,1414763168,477A,OK
8446514,1414477018,482D,OK
8446485,1414476713,482D,WRONG_ANSWER
8446385,1414475722,482D,WRONG_ANSWER
8446379,1414475642,482D,WRONG_ANSWER
8446247,1414474323,482D,WRONG_ANSWER
8446073,1414472040,482C,OK
8446064,1414471936,482C,WRONG_ANSWER
8445677,1414466305,482C,WRONG_ANSWER
8445672,1414466234,482C,WRONG_ANSWER
8445662,1414466080,482C,WRONG_ANSWER
8394222,1414180064,482C,WRONG_ANSWER
8390000,1414175629,482C,TIME_LIMIT_EXCEEDED
8389604,1414175341,482C,SKIPPED
8386034,1414172954,482B,OK
8383925,1414171788,482B,WRONG_ANSWER
8381732,1414170862,482A,OK
8381246,1414170677,482A,WRONG_ANSWER
8358471,1414047406,100499F,OK
8358358,1414046510,100499F,RUNTIME_ERROR
8358330,1414046316,100499F,RUNTIME_ERROR
8355522,1414006532,100499F,RUNTIME_ERROR
8355515,1414006414,100499F,RUNTIME_ERROR
8355502,1414006285,100499F,RUNTIME_ERROR
8355501,1414006271,100499F,TIME_LIMIT_EXCEEDED
8355341,1414004779,100499F,RUNTIME_ERROR
8355309,1414004468,100499F,WRONG_ANSWER
8355213,1414003728,100499F,TIME_LIMIT_EXCEEDED
8350009,1413969009,100499F,TIME_LIMIT_EXCEEDED
8350008,1413968998,100499F,TIME_LIMIT_EXCEEDED
8346297,1413924532,100499F,TIME_LIMIT_EXCEEDED
8346180,1413923135,100499F,TIME_LIMIT_EXCEEDED
8346002,1413921419,100499F,TIME_LIMIT_EXCEEDED
8345993,1413921289,100499F,TIME_LIMIT_EXCEEDED
8321307,1413736990,480B,OK
8321122,1413736274,480B,WRONG_ANSWER
8321061,1413735976,480A,OK
8319892,1413733096,480B,WRONG_ANSWER
8319829,1413732911,480A,COMPILATION_ERROR
8318862,1413730260,480D,OK
8317612,1413716394,480D,WRONG_ANSWER
8316949,1413716138,480D,WRONG_ANSWER
8316528,1413715938,480D,WRONG_ANSWER
8309001,1413711962,480C,OK
8306498,1413710880,480B,WRONG_ANSWER
8302987,1413709619,480A,WRONG_ANSWER
8292050,1413625763,100499E,OK
8291994,1413625516,100499E,WRONG_ANSWER
8291972,1413625390,100499E,WRONG_ANSWER
8291842,1413624629,100499H,OK
8291385,1413622157,100499E,WRONG_ANSWER
8291284,1413621520,100499E,WRONG_ANSWER
8290940,1413619653,100499I,OK
8290860,1413619216,100499I,WRONG_ANSWER
8290697,1413618093,100499J,OK
8290658,1413617869,100499B,OK
8290598,1413617515,100499A,OK
8290560,1413617244,100499A,WRONG_ANSWER
8290475,1413616791,100499D,OK
8290457,1413616574,100499G,OK
8223859,1413258966,240F,WRONG_ANSWER
8223857,1413258941,240F,WRONG_ANSWER
8223849,1413258812,240F,WRONG_ANSWER
8223847,1413258762,240F,WRONG_ANSWER
8223821,1413258403,240F,TIME_LIMIT_EXCEEDED
8223815,1413258375,240F,WRONG_ANSWER
8223811,1413258350,240F,WRONG_ANSWER
8223783,1413258014,240D,OK
8223768,1413257720,240D,WRONG_ANSWER
8223716,1413257041,240F,WRONG_ANSWER
8223690,1413256677,240F,WRONG_ANSWER
8223672,1413256414,240F,WRONG_ANSWER
8223642,1413256158,240F,WRONG_ANSWER
8223615,1413255824,240F,WRONG_ANSWER
8223593,1413255561,240F,WRONG_ANSWER
8223586,1413255480,240F,WRONG_ANSWER
8223583,1413255439,240B,OK
8223490,1413254193,240F,TIME_LIMIT_EXCEEDED
8223479,1413254122,240C,OK
8223442,1413253357,240A,OK
8174592,1413029848,100502B,OK
8174555,1413029531,100502B,OK
8174550,1413029472,100502B,OK
8174536,1413029387,100502B,OK
8174526,1413029318,100502B,OK
8174493,1413029057,100502B,OK
8172597,1413016644,100502B,OK
8172373,1413015004,100502I,OK
8172368,1413014971,100502I,WRONG_ANSWER
8172286,1413014295,100502I,WRONG_ANSWER
8172182,1413013483,100502I,WRONG_ANSWER
8171540,1413008825,100502G,OK
8171352,1413006884,100502A,OK
8171339,1413006724,100502A,WRONG_ANSWER
8171325,1413006577,100502A,WRONG_ANSWER
8171316,1413006476,100502A,WRONG_ANSWER
8171306,1413006357,100502A,WRONG_ANSWER
8171217,1413005324,100502H,OK
8171115,1413004078,100502G,WRONG_ANSWER
8171047,1413003377,100502K,OK
8170985,1413002356,100502E,OK
8170978,1413002181,100502D,OK
8170934,1413001638,100502C,OK
7855648,1411141110,100299C,OK
7855094,1411139139,100299K,OK
7854982,1411138688,100299K,WRONG_ANSWER
7854930,1411138437,100299K,WRONG_ANSWER
7854908,1411138362,100299C,TIME_LIMIT_EXCEEDED
7854792,1411137951,100299K,WRONG_ANSWER
7854669,1411137504,100299K,WRONG_ANSWER
7854649,1411137418,100299K,WRONG_ANSWER
7854544,1411137049,100299K,WRONG_ANSWER
7853776,1411134316,100299K,WRONG_ANSWER
7853616,1411133657,100299K,WRONG_ANSWER
7852898,1411131112,100299F,OK
7852883,1411131087,100299K,WRONG_ANSWER
7852773,1411130733,100299K,WRONG_ANSWER
7852134,1411129337,100299I,OK
7851827,1411127441,100299L,OK
7851808,1411127376,100299L,WRONG_ANSWER
7851806,1411127361,100299L,COMPILATION_ERROR
7851799,1411127311,100299L,COMPILATION_ERROR
7851776,1411127202,100299B,OK
7819990,1410973691,100405D,OK
7819893,1410972685,100405I,WRONG_ANSWER
7819879,1410972588,100405I,WRONG_ANSWER
7819874,1410972536,100405I,COMPILATION_ERROR
7819859,1410972413,100405I,WRONG_ANSWER
7819848,1410972328,100405I,WRONG_ANSWER
7819846,1410972286,100405I,WRONG_ANSWER
7819835,1410972227,100405I,WRONG_ANSWER
7819364,1410968057,100405F,OK
7819337,1410967809,100405F,WRONG_ANSWER
7819272,1410967225,100405D,OK
7819267,1410967195,100405D,WRONG_ANSWER
7819258,1410967108,100405A,OK
7819222,1410966720,100405A,WRONG_ANSWER
7819206,1410966557,100405A,WRONG_ANSWER
7819194,1410966446,100405A,WRONG_ANSWER
7819171,1410966277,100405A,WRONG_ANSWER
7818999,1410964715,100405A,WRONG_ANSWER
7818980,1410964600,100405D,WRONG_ANSWER
7818949,1410964489,100405D,WRONG_ANSWER
7818931,1410964392,100405D,WRONG_ANSWER
7818851,1410963895,100405D,TIME_LIMIT_EXCEEDED
7818813,1410963616,100405A,WRONG_ANSWER
7818456,1410961579,100405F,TIME_LIMIT_EXCEEDED
7818407,1410961253,100405F,TIME_LIMIT_EXCEEDED
7818363,1410960940,100405E,OK
7818180,1410959864,100405F,TIME_LIMIT_EXCEEDED
7817943,1410958405,100405C,OK
7817928,1410958281,100405C,RUNTIME_ERROR
7817898,1410958108,100405C,IDLENESS_LIMIT_EXCEEDED
7817774,1410957205,100405J,OK
7817626,1410956265,100405B,OK
7817599,1410956098,100405B,WRONG_ANSWER
7817446,1410955047,100405G,OK
7781095,1410599686,100443G,OK
7781044,1410599449,100443G,WRONG_ANSWER
7780987,1410599143,100443B,WRONG_ANSWER
7780977,1410599088,100443B,WRONG_ANSWER
7780946,1410598848,100443G,RUNTIME_ERROR
7780936,1410598792,100443G,TIME_LIMIT_EXCEEDED
7780870,1410598255,100443E,OK
7780711,1410597160,100443D,OK
7780331,1410595112,100443D,WRONG_ANSWER
7779875,1410592344,100443D,WRONG_ANSWER
7779820,1410591975,100443D,WRONG_ANSWER
7779801,1410591844,100443I,OK
7779798,1410591822,100443I,WRONG_ANSWER
7779788,1410591759,100443I,WRONG_ANSWER
7779733,1410591411,100443D,TIME_LIMIT_EXCEEDED
7779549,1410590134,100443H,OK
7779495,1410589747,100443C,OK
7779477,1410589609,100443C,WRONG_ANSWER
7779209,1410587590,100443F,OK
7779063,1410586222,100443I,WRONG_ANSWER
7779007,1410585676,100443I,WRONG_ANSWER
7621213,1409315234,100460J,OK
7621173,1409314945,100460J,OK
7621151,1409314698,100460J,OK
7621138,1409314525,100460J,IDLENESS_LIMIT_EXCEEDED
7621082,1409314066,100460J,IDLENESS_LIMIT_EXCEEDED
7619833,1409303641,100460D,OK
7619738,1409302803,100460D,WRONG_ANSWER
7619668,1409302191,100460D,WRONG_ANSWER
7619636,1409301926,100460C,OK
7619601,1409301704,100460C,WRONG_ANSWER
7619581,1409301528,100460C,WRONG_ANSWER
7619549,1409301214,100460C,WRONG_ANSWER
7619467,1409300565,100460D,WRONG_ANSWER
7619455,1409300479,100460D,WRONG_ANSWER
7619356,1409299801,100460D,WRONG_ANSWER
7619312,1409299560,100460D,WRONG_ANSWER
7619268,1409299164,100460D,WRONG_ANSWER
7619187,1409298413,100460G,OK
7618958,1409296008,100460J,IDLENESS_LIMIT_EXCEEDED
7618942,1409295837,100460J,IDLENESS_LIMIT_EXCEEDED
7618886,1409295037,100460J,IDLENESS_LIMIT_EXCEEDED
7618788,1409294004,100460F,OK
7618753,1409293741,100460F,WRONG_ANSWER
7618746,1409293664,100460F,WRONG_ANSWER
7618733,1409293520,100460L,OK
7618719,1409293407,100460K,OK
7618632,1409292366,100460B,OK
7618607,1409292016,100460B,WRONG_ANSWER
7618518,1409290908,100460H,OK
7618504,1409290778,100460H,WRONG_ANSWER
7618403,1409289371,100460H,WRONG_ANSWER
7550600,1408697125,100463I,OK
7550452,1408696202,100463I,WRONG_ANSWER
7550310,1408695253,100463I,WRONG_ANSWER
7550035,1408693472,100463B,OK
7549819,1408692128,100463C,OK
7549788,1408691959,100463C,TIME_LIMIT_EXCEEDED
7549781,1408691911,100463C,COMPILATION_ERROR
7549777,1408691872,100463C,COMPILATION_ERROR
7549491,1408690018,100463H,OK
7549238,1408688251,100463F,OK
7549212,1408688056,100463G,WRONG_ANSWER
7549204,1408688009,100463G,WRONG_ANSWER
7549125,1408687494,100463F,WRONG_ANSWER
7549005,1408686556,100463E,OK
7548936,1408686042,100463A,OK
7548798,1408684732,100463D,OK
7350086,1407223702,100451K,WRONG_ANSWER
7349952,1407222784,100451K,WRONG_ANSWER
7349946,1407222769,100451K,WRONG_ANSWER
7349912,1407222479,100451K,WRONG_ANSWER
7349890,1407222294,100451K,WRONG_ANSWER
7349884,1407222248,100451K,WRONG_ANSWER
7349842,1407221768,100451K,WRONG_ANSWER
7349772,1407220974,100451C,OK
7349764,1407220884,100451C,WRONG_ANSWER
7349626,1407219306,100451F,OK
7349353,1407213857,100451E,WRONG_ANSWER
7349312,1407213239,100451E,WRONG_ANSWER
7327495,1406976813,407C,OK
6543918,1399201686,375D,OK
4086424,1374060618,317D,OK
4086420,1374060554,317D,RUNTIME_ERROR
4086380,1374060265,317D,WRONG_ANSWER
4086341,1374059809,317D,WRONG_ANSWER
4079172,1373956868,317B,OK
4079160,1373956738,317B,RUNTIME_ERROR
4078370,1373946547,317A,OK
4078366,1373946512,317A,WRONG_ANSWER
4078349,1373946268,317A,WRONG_ANSWER
3982547,1372439243,321D,WRONG_ANSWER
3982438,1372439154,321D,COMPILATION_ERROR
3980560,1372437767,321C,OK
3979057,1372436836,321A,OK
3979044,1372436827,321C,WRONG_ANSWER
3978342,1372436437,321A,WRONG_ANSWER
3977894,1372436204,321B,OK
3977597,1372436060,321B,WRONG_ANSWER
3975509,1372434881,321A,CHALLENGED
3974206,1372434247,321A,WRONG_ANSWER
3949778,1371998930,319B,WRONG_ANSWER
3949640,1371998781,319C,OK
3946200,1371995198,319B,WRONG_ANSWER
3945928,1371994967,319B,WRONG_ANSWER
3944604,1371993843,319A,OK
3944453,1371993709,319A,WRONG_ANSWER
3944317,1371993623,319A,WRONG_ANSWER
3057631,1359739531,270B,OK
3056375,1359738714,270D,OK
3056330,1359738688,270D,COMPILATION_ERROR
3055671,1359738205,270D,WRONG_ANSWER
3055438,1359738012,270D,WRONG_ANSWER
3053898,1359736753,270C,OK
3053363,1359736374,270B,WRONG_ANSWER
3052362,1359735756,270C,WRONG_ANSWER
3049604,1359734373,270C,WRONG_ANSWER
3048096,1359733785,270B,WRONG_ANSWER
3047253,1359733475,270A,OK
3046760,1359733309,270C,WRONG_ANSWER
3046392,1359733174,270C,WRONG_ANSWER
2973680,1358703321,265C,OK
2558041,1352893765,238A,OK
2558036,1352893672,238A,COMPILATION_ERROR
