26933173,1494175058,807B,OK
26933125,1494175025,807B,COMPILATION_ERROR
26933059,1494174976,807B,COMPILATION_ERROR
26926827,1494172222,807A,OK
